-4.525369059038827912e-01 -1.782459856241361273e-01 7.912313069643064356e-01 9.999999999986352028e-01
-4.099029341759679035e-01 -1.782475464319630554e-01 8.833256906817184007e-01 9.999999999985929033e-01
-4.099219507869855117e-01 -1.058391482951535206e-01 8.834057280030688242e-01 9.999999999986001198e-01
-4.526059444568867884e-01 -1.057927105947484153e-01 7.912175585133979228e-01 9.999999999986427524e-01
-4.138652289398520590e-01 -1.784292647162715739e-01 8.749515063642917534e-01 9.999999999985969001e-01
-4.099059234019853393e-01 -1.121910467711536435e-01 8.834170828700302902e-01 9.999999999985996757e-01
-4.487295340139102473e-01 -1.057087575643818611e-01 7.999021704722684145e-01 9.999999999986389776e-01
-4.525581065653047075e-01 -1.717342351067100981e-01 7.912013692358749184e-01 9.999999999986360910e-01
-4.176201957688677191e-01 -1.782087886723024706e-01 8.663185966935446070e-01 9.999999999986012300e-01
-4.099271720064008862e-01 -1.189865457251632896e-01 8.833800819874593202e-01 9.999999999985991206e-01
-4.446021462925290324e-01 -1.059768173651438605e-01 8.083858130103005468e-01 9.999999999986353139e-01
-4.525780585568994208e-01 -1.652223159300515720e-01 7.911737734733615968e-01 9.999999999986368682e-01
-4.213485804425837200e-01 -1.782808249959863811e-01 8.580577819162701347e-01 9.999999999986052268e-01
-4.098794369767281842e-01 -1.256623581606977902e-01 8.834314920836277008e-01 9.999999999985985655e-01
-4.409968082062015737e-01 -1.058841715152648577e-01 8.165959553646723323e-01 9.999999999986316501e-01
-4.525619382372325639e-01 -1.583140426439701154e-01 7.912159974418317976e-01 9.999999999986377563e-01
-4.248369059463639186e-01 -1.782840514732934867e-01 8.496153083538613426e-01 9.999999999986093346e-01
-4.099023044294256013e-01 -1.324578453017964397e-01 8.833924933249541755e-01 9.999999999985978993e-01
-4.370960955354549204e-01 -1.057005831372777177e-01 8.247419030027038911e-01 9.999999999986279864e-01
-4.525807112409278021e-01 -1.518018702519388086e-01 7.911906626705006440e-01 9.999999999986384225e-01
-4.291667954483288638e-01 -1.783359473564115616e-01 8.414790730770662641e-01 9.999999999986128874e-01
-4.098824814645118941e-01 -1.388088722831024580e-01 8.834086642812458701e-01 9.999999999985973442e-01
-4.332706634352120889e-01 -1.059103468367621065e-01 8.332348960196614973e-01 9.999999999986241006e-01
-4.525981944532750378e-01 -1.452895379936821052e-01 7.911677476222042094e-01 9.999999999986391996e-01
-4.332432136015745283e-01 -1.783168526075356031e-01 8.331678999655677265e-01 9.999999999986166621e-01
-4.099083417754005310e-01 -1.456045445158559715e-01 8.833658216499931104e-01 9.999999999985965671e-01
-4.291880408308281214e-01 -1.060773995081868426e-01 8.415556053303718809e-01 9.999999999986203258e-01
-4.525545293614539610e-01 -1.387525637014964119e-01 7.912621951110261342e-01 9.999999999986398658e-01
-4.370626013580713454e-01 -1.782263572422241593e-01 8.246849570906898963e-01 9.999999999986205479e-01
-4.098874430688745907e-01 -1.519552199802318981e-01 8.833833823292956966e-01 9.999999999985959009e-01
-4.248767660163025872e-01 -1.058602079309822058e-01 8.496644711126872807e-01 9.999999999986166621e-01
-4.525721886279163719e-01 -1.322400596511406623e-01 7.912390441854666445e-01 9.999999999986405319e-01
-4.409362180659809893e-01 -1.781103396054435350e-01 8.165863894127222133e-01 9.999999999986242116e-01
-4.098650264547786248e-01 -1.583055579373537913e-01 8.834028475393541635e-01 9.999999999985952348e-01
-4.213522607273257337e-01 -1.055872878336213128e-01 8.581599965737134461e-01 9.999999999986125543e-01
-4.525885324707707436e-01 -1.257274008604300219e-01 7.912183618959131026e-01 9.999999999986410870e-01
-4.446074924008157070e-01 -1.783315871450990020e-01 8.082615527622102336e-01 9.999999999986278754e-01
-4.098942770389170098e-01 -1.651014342174371985e-01 8.833557034770511684e-01 9.999999999985944577e-01
-4.176185043811886932e-01 -1.056993175233155585e-01 8.664271591585869237e-01 9.999999999986085575e-01
-4.525770797571448956e-01 -1.188186594545213165e-01 7.912516465487632322e-01 9.999999999986417532e-01
-4.487276425013309589e-01 -1.781398579719223885e-01 7.997889498524836105e-01 9.999999999986315391e-01
-4.098708190628014836e-01 -1.714513992919231011e-01 8.833765144644454281e-01 9.999999999985936805e-01
-4.138946464118358204e-01 -1.057904303312201255e-01 8.750180666686440123e-01 9.999999999986042276e-01
-4.525921863726581340e-01 -1.123057576039956512e-01 7.912333369042782172e-01 9.999999999986423083e-01
-5.651144587199672387e-01 2.534636352688481309e-01 5.445063467085742293e-01 9.999999999987038146e-01
-5.220205558798471923e-01 2.530461816172496214e-01 6.367128419032088704e-01 9.999999999986801669e-01
-5.220708008289546287e-01 3.189133275683114777e-01 6.366489678771718452e-01 9.999999999986660670e-01
-5.651451428736135041e-01 3.190649321581364717e-01 5.444600784390148940e-01 9.999999999986894927e-01
-5.261292548463555319e-01 2.531399513554132841e-01 6.285308725409329833e-01 9.999999999986824983e-01
-5.220651572292679399e-01 3.125888684976017573e-01 6.366596806975929335e-01 9.999999999986675103e-01
-5.611092610255079549e-01 3.191390327843903196e-01 5.528684933160331605e-01 9.999999999986876054e-01
-5.651172895109283223e-01 2.594274796518225012e-01 5.445035066228299803e-01 9.999999999987027044e-01
-5.297850285390677261e-01 2.531895548390070139e-01 6.197515441959692284e-01 9.999999999986851629e-01
-5.220522354959010736e-01 3.070362149526912887e-01 6.367133613553239702e-01 9.999999999986687316e-01
-5.571152634543677928e-01 3.190999780264060504e-01 5.611800064458873916e-01 9.999999999986858290e-01
-5.651201115270654274e-01 2.653913121732748293e-01 5.445003760225938239e-01 9.999999999987014832e-01
-5.337350243000998917e-01 2.531016065970856377e-01 6.113772793214885537e-01 9.999999999986874943e-01
-5.220655633717277144e-01 3.010191569149817115e-01 6.366195654072288601e-01 9.999999999986701749e-01
-5.534657216504543786e-01 3.188763666792915896e-01 5.698903165922055702e-01 9.999999999986837196e-01
-5.651229249346817474e-01 2.713551305931015123e-01 5.444969605557091752e-01 9.999999999987002619e-01
-5.378128425940141843e-01 2.534148490735808612e-01 6.029851784873623277e-01 9.999999999986897148e-01
-5.220599701634790479e-01 2.946948729813195222e-01 6.366300043452742807e-01 9.999999999986716182e-01
-5.496153425542721349e-01 3.188994329090242275e-01 5.778939262185228687e-01 9.999999999986818322e-01
-5.651257299022728331e-01 2.773189327642726631e-01 5.444932659373040718e-01 9.999999999986989296e-01
-5.415547406770222505e-01 2.528499164339085281e-01 5.945222801418457159e-01 9.999999999986921573e-01
-5.220474572156366122e-01 2.891418975536262370e-01 6.366814287692164065e-01 9.999999999986728394e-01
-5.456600523940379199e-01 3.189437554226607352e-01 5.866499700403463580e-01 9.999999999986796118e-01
-5.651285266003170937e-01 2.832827166328824586e-01 5.444892979429218904e-01 9.999999999986977084e-01
-5.456236136420837823e-01 2.533911463365929873e-01 5.866746319640780971e-01 9.999999999986938226e-01
-5.220421388799788565e-01 2.828174089701473437e-01 6.366903058180219954e-01 9.999999999986741717e-01
-5.415895420046458186e-01 3.187380317602023783e-01 5.945299857062350535e-01 9.999999999986777244e-01
-5.651313152010710716e-01 2.892464802380654842e-01 5.444850624017474328e-01 9.999999999986963761e-01
-5.495765758223729591e-01 2.534478637444089744e-01 5.779876405798591854e-01 9.999999999986960431e-01
-5.220301053208988851e-01 2.772639314529434795e-01 6.367389447077019815e-01 9.999999999986752819e-01
-5.378536437229846090e-01 3.188714627790409373e-01 6.029386221242742927e-01 9.999999999986755039e-01
-5.651340958783658275e-01 2.952102217117856253e-01 5.444805651899298216e-01 9.999999999986950439e-01
-5.534301088042477001e-01 2.530321117248752194e-01 5.699506404323151365e-01 9.999999999986980415e-01
-5.220423558237784478e-01 2.712487260048290216e-01 6.366512952824178173e-01 9.999999999986766142e-01
-5.337652963655945548e-01 3.185806616370949751e-01 6.114271136519031646e-01 9.999999999986732835e-01
-5.651368688074072111e-01 3.011739392784987812e-01 5.444758122240227483e-01 9.999999999986937116e-01
-5.570835435308184591e-01 2.531691099081626595e-01 5.610525479699340901e-01 9.999999999987003729e-01
-5.220370994101499740e-01 2.649244225933105601e-01 6.366598342050246995e-01 9.999999999986779464e-01
-5.298107046365374551e-01 3.189692307592637555e-01 6.198328454043524616e-01 9.999999999986708410e-01
-5.651396341645813504e-01 3.071376312546965082e-01 5.444708094545421817e-01 9.999999999986922683e-01
-5.610763913608873832e-01 2.533594182752140211e-01 5.528339292924978610e-01 9.999999999987021493e-01
-5.220255120170911312e-01 2.593706613123600291e-01 6.367060081521344062e-01 9.999999999986789456e-01
-5.261424004544202893e-01 3.189134020770393319e-01 6.286844016084593978e-01 9.999999999986681765e-01
-5.651423921272598072e-01 3.131012960483308127e-01 5.444655628596565267e-01 9.999999999986909360e-01
-4.298970131676214668e-01 -1.289196061803281612e-01 6.823633795881212105e-01 9.999999999987089216e-01
-3.985393675570894079e-01 -1.293653768163062490e-01 7.506284512603070835e-01 9.999999999986812771e-01
-3.986012486018760126e-01 -3.211738076906817813e-02 7.506487519843278999e-01 9.999999999986872723e-01
-4.299361057663536045e-01 -3.187088107312906204e-02 6.824247581854417932e-01 9.999999999987149168e-01
-4.011458913541342541e-01 -1.293631490339666734e-01 7.442001928481439821e-01 9.999999999986841637e-01
-3.985925911278572764e-01 -4.061980812414197478e-02 7.506537165745722495e-01 9.999999999986870503e-01
-4.272136566996717066e-01 -3.195478559800347257e-02 6.890718003992054586e-01 9.999999999987122523e-01
-4.299160367464773258e-01 -1.204432641774210999e-01 6.823229817598395197e-01 9.999999999987096988e-01
-4.045459912354218979e-01 -1.294067878039356911e-01 7.382875325894323604e-01 9.999999999986864951e-01
-3.985927495105717200e-01 -4.949737395408652235e-02 7.506399523255371520e-01 9.999999999986867172e-01
-4.245554512538022296e-01 -3.197353343701939826e-02 6.948541445757284718e-01 9.999999999987100319e-01
-4.299155626428957100e-01 -1.116268636677146958e-01 6.823403655284420166e-01 9.999999999987104760e-01
-4.068688784641136813e-01 -1.293376406510219345e-01 7.317236110707192598e-01 9.999999999986893817e-01
-3.985943506577389606e-01 -5.837476140450711948e-02 7.506232184561082432e-01 9.999999999986863841e-01
-4.215333599148792243e-01 -3.199423112995944396e-02 7.013678555717735019e-01 9.999999999987074784e-01
-4.299154912475890988e-01 -1.028102305040247827e-01 6.823565710270870222e-01 9.999999999987112531e-01
-4.099846855033065229e-01 -1.293274002469349815e-01 7.256840682074437998e-01 9.999999999986918242e-01
-3.985973836320353958e-01 -6.725197176410632749e-02 7.506035375125189590e-01 9.999999999986859400e-01
-4.185939392612649801e-01 -3.165434429303226604e-02 7.070728429619740352e-01 9.999999999987053689e-01
-4.299158291527376829e-01 -9.399336967655612385e-02 6.823715789174134017e-01 9.999999999987119192e-01
-4.130100941329948872e-01 -1.292722365520164174e-01 7.194606639478084986e-01 9.999999999986942667e-01
-3.985843427448329535e-01 -7.649343125610599814e-02 7.506163768238184320e-01 9.999999999986853849e-01
-4.158846700621356973e-01 -3.205738307618596211e-02 7.133496440517397286e-01 9.999999999987028154e-01
-4.299165823618989468e-01 -8.517628631708161480e-02 6.823853715867586045e-01 9.999999999987124744e-01
-4.158385204808148772e-01 -1.292082917030760170e-01 7.133032551185705117e-01 9.999999999986968202e-01
-3.985683268187845685e-01 -8.499492803716580946e-02 7.506363025936376721e-01 9.999999999986849408e-01
-4.130307528489716162e-01 -3.171165803781893222e-02 7.195694508145662471e-01 9.999999999987002619e-01
-4.299177562645096207e-01 -7.635898568702727263e-02 6.823979332229964667e-01 9.999999999987130295e-01
-4.185465426934448785e-01 -1.294734827051371995e-01 7.070296589380616892e-01 9.999999999986993737e-01
-3.985716219598642862e-01 -9.387160046077536180e-02 7.506161663129826689e-01 9.999999999986842747e-01
-4.100382882008656860e-01 -3.171976155577427292e-02 7.257158907628706856e-01 9.999999999986978194e-01
-4.299193556124707438e-01 -6.754147316481245999e-02 6.824092498832401432e-01 9.999999999987135846e-01
-4.215146587780876364e-01 -1.293669410596078317e-01 7.012511413442582553e-01 9.999999999987014832e-01
-3.985763174702657841e-01 -1.027481007578476963e-01 7.505931472216739175e-01 9.999999999986837196e-01
-4.068949785392625418e-01 -3.209883680695110875e-02 7.318178269656272494e-01 9.999999999986953769e-01
-4.299213844989998035e-01 -5.872375423250387333e-02 6.824193095558906963e-01 9.999999999987139176e-01
-4.245152439357669505e-01 -1.292558506482819058e-01 6.947944187100724145e-01 9.999999999987040367e-01
-3.985823944775783167e-01 -1.116244300989519267e-01 7.505672841696725550e-01 9.999999999986829424e-01
-4.046001292790991632e-01 -3.174899266400509068e-02 7.383214927631313040e-01 9.999999999986923793e-01
-4.299331045793771122e-01 -4.950717797350570604e-02 6.824014960595912171e-01 9.999999999987143617e-01
-4.271815519822976803e-01 -1.294823281625677447e-01 6.889892534053021489e-01 9.999999999987062571e-01
-3.985898320919495919e-01 -1.205005896185781106e-01 7.505386201763117882e-01 9.999999999986821653e-01
-4.011710302926246863e-01 -3.211000905173451436e-02 7.442958884617132398e-01 9.999999999986900479e-01
-4.299343894124977861e-01 -4.068913155029657558e-02 6.824137584706747583e-01 9.999999999987146948e-01
-4.803952426550337496e-01 2.746089274259689295e-01 5.111156800685419110e-01 9.999999999987481125e-01
-4.401466065807900230e-01 2.744534808218771493e-01 5.980084482783853961e-01 9.999999999987245758e-01
-4.401574323107068643e-01 3.464646099530956369e-01 5.981347793653433165e-01 9.999999999987071453e-01
-4.804249046798784728e-01 3.466127855276422975e-01 5.111259629375621838e-01 9.999999999987303489e-01
-4.435873614299652989e-01 2.743164356582823982e-01 5.898865649831741553e-01 9.999999999987272403e-01
-4.401917534233138474e-01 3.400104993154333677e-01 5.979449499426848780e-01 9.999999999987089216e-01
-4.766372036589768824e-01 3.465654646741672118e-01 5.186899944511266236e-01 9.999999999987286836e-01
-4.803979848537643371e-01 2.812437122811051182e-01 5.111158742397209354e-01 9.999999999987465582e-01
-4.472775978350175263e-01 2.749537948345617822e-01 5.824187266807725472e-01 9.999999999987292387e-01
-4.401662946066628446e-01 3.337257593455083549e-01 5.980579738384181887e-01 9.999999999987105870e-01
-4.731895081456269359e-01 3.466002582172914570e-01 5.268877083795778793e-01 9.999999999987265742e-01
-4.804007284357206253e-01 2.878785420878374191e-01 5.111159277003882728e-01 9.999999999987451149e-01
-4.506144666746658145e-01 2.746388747506697814e-01 5.741308591108078563e-01 9.999999999987319033e-01
-4.401755439481584986e-01 3.269891590204060394e-01 5.979942411480112519e-01 9.999999999987122523e-01
-4.698043545900267848e-01 3.465205414474170631e-01 5.349978394466157194e-01 9.999999999987244648e-01
-4.804034733565720749e-01 2.945134158736926189e-01 5.111158447910916225e-01 9.999999999987435606e-01
-4.546598101264204272e-01 2.746722824189329892e-01 5.662265029573635422e-01 9.999999999987340127e-01
-4.401507677611783964e-01 3.207034405671414512e-01 5.981036890994141375e-01 9.999999999987138066e-01
-4.654961093830410901e-01 3.468304385534096146e-01 5.425982975104131079e-01 9.999999999987227994e-01
-4.804062195719908668e-01 3.011483327412168287e-01 5.111156298617987037e-01 9.999999999987420063e-01
-4.584179261119435411e-01 2.745915696825779739e-01 5.583182390147510832e-01 9.999999999987362331e-01
-4.401598564619778609e-01 3.139673121999363437e-01 5.980408321719584697e-01 9.999999999987154720e-01
-4.619024415211387402e-01 3.464976500882204213e-01 5.506273375169975504e-01 9.999999999987206900e-01
-4.804077802975346700e-01 3.075465471275352636e-01 5.112124267606459327e-01 9.999999999987403410e-01
-4.618758500460967142e-01 2.748745649361532539e-01 5.505712736123644646e-01 9.999999999987382315e-01
-4.401685957802992100e-01 3.072317601240622809e-01 5.979796807930883862e-01 9.999999999987171373e-01
-4.584502703987790029e-01 3.465782987201237453e-01 5.583224222185075858e-01 9.999999999987185806e-01
-4.804123222822613282e-01 3.136727611516298975e-01 5.110304676786682210e-01 9.999999999987388977e-01
-4.654690803084900463e-01 2.746020290378616280e-01 5.425391993150148195e-01 9.999999999987404520e-01
-4.401447308178498274e-01 3.009449765771923246e-01 5.980845181197479432e-01 9.999999999987185806e-01
-4.546807008157887631e-01 3.467447087061506505e-01 5.663213880242885523e-01 9.999999999987163601e-01
-4.804150827912752608e-01 3.203071974015350709e-01 5.110286959944829732e-01 9.999999999987372323e-01
-4.697775446912430541e-01 2.746664840516368500e-01 5.349290811377304111e-01 9.999999999987421173e-01
-4.401532969894681457e-01 2.942098889403905737e-01 5.980243074551966354e-01 9.999999999987202459e-01
-4.506482946220018437e-01 3.462926909867165004e-01 5.741307462413931528e-01 9.999999999987144728e-01
-4.804178441487823581e-01 3.269416696679904311e-01 5.110268376465397777e-01 9.999999999987355670e-01
-4.731555247720451440e-01 2.746819247146699561e-01 5.269576318725929243e-01 9.999999999987442267e-01
-4.401302071449306741e-01 2.879221738278135434e-01 5.981250927876640144e-01 9.999999999987215782e-01
-4.473014523513760277e-01 3.466709465373966070e-01 5.824827075098993889e-01 9.999999999987118082e-01
-4.804206063126646442e-01 3.335761777444882226e-01 5.110248968493755761e-01 9.999999999987337906e-01
-4.766088445051859801e-01 2.743630676004202296e-01 5.186218462831233555e-01 9.999999999987464472e-01
-4.401385994872586971e-01 2.811875490801690192e-01 5.980658279675120648e-01 9.999999999987231325e-01
-4.436146010495491399e-01 3.463158613024463484e-01 5.899302387263027914e-01 9.999999999987098098e-01
-4.804221523714650166e-01 3.399774893313827762e-01 5.111267845773558305e-01 9.999999999987321253e-01
-3.925442347944878008e-01 2.543524354068789628e-01 6.565837919377035536e-01 9.999999999987155830e-01
-3.500597183770681187e-01 2.541136557623686065e-01 7.466046372857454427e-01 9.999999999986791677e-01
-3.500447188347627359e-01 3.207105009434019216e-01 7.467234878738054915e-01 9.999999999986647348e-01
-3.925846756994402220e-01 3.205089213466286724e-01 6.565736951849339142e-01 9.999999999987008170e-01
-3.538435862820906719e-01 2.543143332613645446e-01 7.388321086152898065e-01 9.999999999986824983e-01
-3.500718156870915587e-01 3.145963255736379804e-01 7.466634916697681978e-01 9.999999999986661781e-01
-3.886413999635011107e-01 3.207478795064364063e-01 6.646487939063365769e-01 9.999999999986978194e-01
-3.925698677371628476e-01 2.600534851055207874e-01 6.565167837210462709e-01 9.999999999987144728e-01
-3.578043830460304053e-01 2.540699039177693463e-01 7.301868806413074342e-01 9.999999999986863841e-01
-3.500981920345839216e-01 3.084821292295274464e-01 7.466048466890696789e-01 9.999999999986677324e-01
-3.848925782946517327e-01 3.205780302164389362e-01 6.730535220547060327e-01 9.999999999986947108e-01
-3.925494780690651497e-01 2.661540260425266369e-01 6.565878859845815096e-01 9.999999999987131405e-01
-3.617715304774862806e-01 2.541420743103289803e-01 7.220775827808869618e-01 9.999999999986897148e-01
-3.501238225921943226e-01 3.023679134236843535e-01 7.465476005491030742e-01 9.999999999986690646e-01
-3.808723831160860662e-01 3.209954947779281031e-01 6.813943363787254848e-01 9.999999999986914911e-01
-3.925683696394766664e-01 2.725772483858357464e-01 6.565422151129007844e-01 9.999999999987118082e-01
-3.655038377609112765e-01 2.541100906230027712e-01 7.138580368379467966e-01 9.999999999986932675e-01
-3.500827518500559399e-01 2.965981219409818403e-01 7.466182307055184708e-01 9.999999999986703969e-01
-3.771694218485838190e-01 3.206404759526665371e-01 6.895308696752793232e-01 9.999999999986883825e-01
-3.925955363093370232e-01 2.782779645506552879e-01 6.564705386292311040e-01 9.999999999987105870e-01
-3.689996400122685927e-01 2.539739848311001191e-01 7.055320139900701504e-01 9.999999999986968202e-01
-3.501078346991405854e-01 2.904840187819547337e-01 7.465620466943454492e-01 9.999999999986717292e-01
-3.732193600285833579e-01 3.208778447328609063e-01 6.975933099596959286e-01 9.999999999986851629e-01
-3.925743735603334228e-01 2.843790736579459022e-01 6.565440230177058689e-01 9.999999999987092547e-01
-3.731435533307809194e-01 2.542631924541238209e-01 6.976755995484786865e-01 9.999999999986998178e-01
-3.501321179262210093e-01 2.843698991945257104e-01 7.465073635057896118e-01 9.999999999986730614e-01
-3.689683288871318800e-01 3.206344440821391473e-01 7.057010523928581858e-01 9.999999999986820542e-01
-3.925524699872846579e-01 2.904805166283159767e-01 6.566196541484196070e-01 9.999999999987079224e-01
-3.771475919957730794e-01 2.544217437899258250e-01 6.894849210873513767e-01 9.999999999987029264e-01
-3.500925460125836608e-01 2.786005269684223018e-01 7.465751487459768576e-01 9.999999999986742827e-01
-3.654772473937759614e-01 3.208024936950609751e-01 7.140123915441611846e-01 9.999999999986785015e-01
-3.925724209964542299e-01 2.969037123092908570e-01 6.565708152959264243e-01 9.999999999987064792e-01
-3.808602845580880136e-01 2.541301018674726464e-01 6.813222752158619722e-01 9.999999999987062571e-01
-3.500493276196161019e-01 2.721101729679734627e-01 7.466488418357113410e-01 9.999999999986756150e-01
-3.617500696030949703e-01 3.208401313477776129e-01 7.222173794740903707e-01 9.999999999986750598e-01
-3.926010927180111909e-01 3.026041597009229700e-01 6.564946402702103168e-01 9.999999999987051469e-01
-3.848863142666462123e-01 2.545182874996493316e-01 6.729657704393519069e-01 9.999999999987093657e-01
-3.500732997767631582e-01 2.659963117356882734e-01 7.465948179812302854e-01 9.999999999986768362e-01
-3.577884561032015909e-01 3.207473184996414983e-01 7.303122579351903898e-01 9.999999999986717292e-01
-3.925784813250637884e-01 3.087061838820389648e-01 6.565724562797000674e-01 9.999999999987037036e-01
-3.886523328016630585e-01 2.540770187019329440e-01 6.645091411923916835e-01 9.999999999987126964e-01
-3.500363398805599879e-01 2.602274037793091410e-01 7.466575099065857479e-01 9.999999999986780574e-01
-3.539019723131204831e-01 3.206140285152316305e-01 7.388076547400305172e-01 9.999999999986681765e-01
-3.925551900659691729e-01 3.148085494393882966e-01 6.566522391578351048e-01 9.999999999987021493e-01
-4.687870801366516016e-01 1.775934334117733049e-01 4.623297545300961708e-01 9.999999999987896349e-01
-4.369865131040219786e-01 1.777493430079762626e-01 5.309321091586828301e-01 9.999999999987734256e-01
-4.370108759957723743e-01 2.790841745641565175e-01 5.311196328632162844e-01 9.999999999987546628e-01
-4.688316241510422366e-01 2.791057819880684576e-01 4.624569426035138320e-01 9.999999999987705390e-01
-4.399040804530403026e-01 1.779461884488183487e-01 5.249423249549597381e-01 9.999999999987749799e-01
-4.370135212877798159e-01 2.693419981313147638e-01 5.310486679798428478e-01 9.999999999987568833e-01
-4.661113720857899545e-01 2.787403410843586338e-01 4.688359043796357928e-01 9.999999999987693178e-01
-4.687944481267884433e-01 1.870689193833484643e-01 4.623927532853687183e-01 9.999999999987881916e-01
-4.430261176989105931e-01 1.781134060267643426e-01 5.188147586349780571e-01 9.999999999987764232e-01
-4.370098202625208317e-01 2.603263074912743336e-01 5.310482721743676748e-01 9.999999999987587707e-01
-4.635034144392499722e-01 2.788278170670329681e-01 4.753125886851664039e-01 9.999999999987677635e-01
-4.687934345303187977e-01 1.960414394379173253e-01 4.623253283023563420e-01 9.999999999987867483e-01
-4.459721270561951001e-01 1.777656193058362588e-01 5.125816761248991327e-01 9.999999999987780885e-01
-4.370061441663393720e-01 2.513107180434466237e-01 5.310476079712767028e-01 9.999999999987606580e-01
-4.600159511146312830e-01 2.786368509712633390e-01 4.811981054230345389e-01 9.999999999987667643e-01
-4.688010888671914067e-01 2.055187499599389900e-01 4.623926785081780566e-01 9.999999999987851940e-01
-4.487298333834791042e-01 1.778445921912992500e-01 5.064869570046192093e-01 9.999999999987795318e-01
-4.370024940772765931e-01 2.422952322336461850e-01 5.310466638084586632e-01 9.999999999987624344e-01
-4.573300798355444674e-01 2.788058573596147727e-01 4.875316555657799311e-01 9.999999999987653210e-01
-4.687996581464722867e-01 2.144894894135927210e-01 4.623188826373428872e-01 9.999999999987836397e-01
-4.516631022212506674e-01 1.781338267640219242e-01 5.001988211641799076e-01 9.999999999987810861e-01
-4.369904202696220930e-01 2.330253993085728281e-01 5.311336714459065078e-01 9.999999999987642108e-01
-4.544418662387575969e-01 2.786706992330276744e-01 4.939862228289570445e-01 9.999999999987638777e-01
-4.688075875148378646e-01 2.239687049554318909e-01 4.623904102256459758e-01 9.999999999987819743e-01
-4.544044027740286595e-01 1.776517502945952898e-01 4.938771226114836432e-01 9.999999999987826405e-01
-4.370006208530303748e-01 2.235417104091916018e-01 5.309839515209573424e-01 9.999999999987659871e-01
-4.517008347423858150e-01 2.787038650654503624e-01 5.002512519399232582e-01 9.999999999987623234e-01
-4.688103771386029073e-01 2.327196506027461032e-01 4.623847139598385447e-01 9.999999999987803090e-01
-4.572917668387029844e-01 1.778506573032885563e-01 4.874943436350338000e-01 9.999999999987840837e-01
-4.369968757160129780e-01 2.145270863328778144e-01 5.309840446512988921e-01 9.999999999987675414e-01
-4.487713176160554318e-01 2.788995885366830629e-01 5.064442950193592807e-01 9.999999999987607691e-01
-4.688186843400498072e-01 2.422017610428339740e-01 4.624625058939230704e-01 9.999999999987784216e-01
-4.599783669061019431e-01 1.777677842604730163e-01 4.812042957958704292e-01 9.999999999987856381e-01
-4.369855328784530424e-01 2.052558663165020836e-01 5.310634932597677604e-01 9.999999999987690957e-01
-4.460100339922046797e-01 2.788069734377056075e-01 5.126262897974591670e-01 9.999999999987593258e-01
-4.688166678267593479e-01 2.511695671545669528e-01 4.623792416701110186e-01 9.999999999987766452e-01
-4.634692854945532958e-01 1.780114454713090100e-01 4.754087965550589101e-01 9.999999999987865262e-01
-4.369821136380281357e-01 1.962407452191130552e-01 5.310600582284165094e-01 9.999999999987706500e-01
-4.430659227919488408e-01 2.786406699799462428e-01 5.188271116077022294e-01 9.999999999987577715e-01
-4.688252190375818418e-01 2.606537592438633588e-01 4.624607222346797664e-01 9.999999999987746468e-01
-4.660816024431021498e-01 1.780752902197228760e-01 4.689817769318058716e-01 9.999999999987880805e-01
-4.369787284588413923e-01 1.872257547603903005e-01 5.310562569284450474e-01 9.999999999987719823e-01
-4.399450169483290485e-01 2.786464838522492715e-01 5.249455958645465881e-01 9.999999999987563282e-01
-4.688228412371115428e-01 2.696194558577497125e-01 4.623719621819548098e-01 9.999999999987727595e-01
-3.883367843601702174e-01 -2.269757833486522602e-01 6.105196291205925441e-01 9.999999999987450039e-01
-3.571500861014995643e-01 -2.272674520768493966e-01 6.778287671326007624e-01 9.999999999987199129e-01
-3.572169703197054513e-01 -1.293823605847011504e-01 6.778027347119039980e-01 9.999999999987336796e-01
-3.883603980002083844e-01 -1.287783599955332203e-01 6.106113710019607232e-01 9.999999999987589927e-01
-3.598245372969595124e-01 -2.273346957630645315e-01 6.711895206468617703e-01 9.999999999987226884e-01
-3.572095586170508374e-01 -1.382510887817272605e-01 6.778085128923619918e-01 9.999999999987326804e-01
-3.857462614756565489e-01 -1.291716859816366414e-01 6.172452531485342897e-01 9.999999999987564392e-01
-3.883291612571215246e-01 -2.179411542832714044e-01 6.105649264956153344e-01 9.999999999987465582e-01
-3.626191293312058250e-01 -2.274734694229227361e-01 6.653161634647426492e-01 9.999999999987249089e-01
-3.572015635558777324e-01 -1.471196779687503897e-01 6.778157470395773654e-01 9.999999999987316812e-01
-3.825876376026842718e-01 -1.290675746282771985e-01 6.231316038755779774e-01 9.999999999987545518e-01
-3.883475778861546490e-01 -2.092051561409960236e-01 6.105116684643530078e-01 9.999999999987481125e-01
-3.658795593096986210e-01 -2.272313562398759201e-01 6.591384148425698530e-01 9.999999999987272403e-01
-3.571930000278712436e-01 -1.559881311464682285e-01 6.778243999299873312e-01 9.999999999987306820e-01
-3.798017179018561840e-01 -1.289589376872699866e-01 6.288264527408350402e-01 9.999999999987525534e-01
-3.883404444816546119e-01 -2.001699008909218203e-01 6.105551545816352288e-01 9.999999999987495558e-01
-3.684090840114720433e-01 -2.272709836480932832e-01 6.531852006132005117e-01 9.999999999987295718e-01
-3.571838837218114793e-01 -1.648564511578925473e-01 6.778344323564026164e-01 9.999999999987294608e-01
-3.772747694639183025e-01 -1.288790874800012920e-01 6.351261627814969168e-01 9.999999999987501109e-01
-3.883575365086428532e-01 -1.914341895058939702e-01 6.105068244471492100e-01 9.999999999987509991e-01
-3.713428466447729059e-01 -2.273121117810205372e-01 6.470540101531669919e-01 9.999999999987319033e-01
-3.571742310502652451e-01 -1.737246406834290213e-01 6.778458033109018288e-01 9.999999999987283505e-01
-3.745761125085382282e-01 -1.291623833841272773e-01 6.414716449157974454e-01 9.999999999987476684e-01
-3.883509069395067459e-01 -1.823983152456498669e-01 6.105484470028125221e-01 9.999999999987523314e-01
-3.745977945552630972e-01 -2.273155458721592415e-01 6.412461122121363433e-01 9.999999999987339017e-01
-3.572007481636869097e-01 -1.829297801037569060e-01 6.777658224079373683e-01 9.999999999987270183e-01
-3.714083117146193547e-01 -1.292899441978836994e-01 6.470150983209967954e-01 9.999999999987456700e-01
-3.883450198637276030e-01 -1.733619063456638409e-01 6.105872445976007201e-01 9.999999999987535526e-01
-3.772489358123466974e-01 -2.272522493798911636e-01 6.350458169852116752e-01 9.999999999987362331e-01
-3.571916131722985832e-01 -1.917975652382706009e-01 6.777759231995204026e-01 9.999999999987257970e-01
-3.684526676153210833e-01 -1.291230614628496309e-01 6.532126705928271715e-01 9.999999999987434496e-01
-3.883604934645633056e-01 -1.646263597915480215e-01 6.105450102022516035e-01 9.999999999987547739e-01
-3.797558865214796797e-01 -2.271395836414297209e-01 6.288121393992959218e-01 9.999999999987385646e-01
-3.571819614234570395e-01 -2.006652228632264945e-01 6.777873131543773466e-01 9.999999999987243537e-01
-3.658805564550661749e-01 -1.293379527002551377e-01 6.592850013421028832e-01 9.999999999987410071e-01
-3.883551509876867480e-01 -1.555893600307372560e-01 6.105817915294619036e-01 9.999999999987558841e-01
-3.825620999721187077e-01 -2.273831283572587680e-01 6.230489698319807701e-01 9.999999999987405630e-01
-3.571718107532009245e-01 -2.095327552044137231e-01 6.777999477090341784e-01 9.999999999987229105e-01
-3.626412728930390461e-01 -1.291091648370143452e-01 6.654041182893876138e-01 9.999999999987386756e-01
-3.883691528860916953e-01 -1.468539920089380890e-01 6.105450357696161623e-01 9.999999999987569943e-01
-3.857040898434455078e-01 -2.273136127086344827e-01 6.172215059218975064e-01 9.999999999987424504e-01
-3.571611794339057400e-01 -2.184001643153092587e-01 6.778137812174765964e-01 9.999999999987214672e-01
-3.598300205726845946e-01 -1.288814136894125550e-01 6.713203573735575524e-01 9.999999999987363442e-01
-3.883643677338626810e-01 -1.378164106356526142e-01 6.105797536760833033e-01 9.999999999987579935e-01
-2.874548254981012518e-01 -2.562204878719083756e-01 7.427484212609130054e-01 9.999999999986961541e-01
-2.472219067130616565e-01 -2.563565288397408048e-01 8.296122888218917524e-01 9.999999999986527444e-01
-2.472318913978781285e-01 -2.057732489695619227e-01 8.296570916230393555e-01 9.999999999986614041e-01
-2.874184323413301323e-01 -2.060012905394981164e-01 7.428724861475365371e-01 9.999999999987050359e-01
-2.505626020986697067e-01 -2.563942421043544639e-01 8.215926628720084945e-01 9.999999999986570742e-01
-2.472218528498658918e-01 -2.107891674105205893e-01 8.296641678775319440e-01 9.999999999986606269e-01
-2.837579329977669151e-01 -2.056790871305299584e-01 7.506768950157337583e-01 9.999999999987014832e-01
-2.874644763273548898e-01 -2.517236813726429490e-01 7.427366549400711282e-01 9.999999999986970423e-01
-2.539074239105721387e-01 -2.563661306558354669e-01 8.138217488007025713e-01 9.999999999986611821e-01
-2.471822191287845194e-01 -2.151052017049460419e-01 8.297096895795070814e-01 9.999999999986599608e-01
-2.798501772809771637e-01 -2.055948109262071832e-01 7.584497724467315072e-01 9.999999999986978194e-01
-2.874739017395344098e-01 -2.472267893904598335e-01 7.427252847256686774e-01 9.999999999986979304e-01
-2.578188304225809135e-01 -2.563599272263230033e-01 8.058212020002307741e-01 9.999999999986652899e-01
-2.472341348378193082e-01 -2.198485177460831330e-01 8.296382309580930814e-01 9.999999999986591837e-01
-2.759738393160819925e-01 -2.061643302600786876e-01 7.665580982894026896e-01 9.999999999986938226e-01
-2.874830961417942921e-01 -2.427298124626161846e-01 7.427143204660401343e-01 9.999999999986988186e-01
-2.617317712933588947e-01 -2.562870561124864222e-01 7.980871405101827021e-01 9.999999999986691757e-01
-2.471934930332413405e-01 -2.241641359469852823e-01 8.296850507376353212e-01 9.999999999986585175e-01
-2.725886008760111667e-01 -2.060378885330306220e-01 7.744346995203623685e-01 9.999999999986898258e-01
-2.874197383450042831e-01 -2.378568271070248263e-01 7.428323723677302537e-01 9.999999999986995958e-01
-2.654666416288377628e-01 -2.561099486320880803e-01 7.901866972322788563e-01 9.999999999986731725e-01
-2.472473888155864163e-01 -2.289079733178192855e-01 8.296110520130018928e-01 9.999999999986577404e-01
-2.690269305606488581e-01 -2.058311053021893433e-01 7.821687922854948516e-01 9.999999999986860511e-01
-2.874295044918581121e-01 -2.333598466996002485e-01 7.428204159951180552e-01 9.999999999987004839e-01
-2.690395239646183878e-01 -2.565253930645289282e-01 7.820910758009566033e-01 9.999999999986771693e-01
-2.472057620696152813e-01 -2.332231703721782679e-01 8.296591401307967795e-01 9.999999999986569632e-01
-2.655552425844170950e-01 -2.059813764855819018e-01 7.901133405934560594e-01 9.999999999986819432e-01
-2.874390389768873288e-01 -2.288627811521266042e-01 7.428088668794795568e-01 9.999999999987012611e-01
-2.726146851376739511e-01 -2.561847728349521125e-01 7.743356230674843799e-01 9.999999999986811661e-01
-2.471945587145107648e-01 -2.382383522435231049e-01 8.296676942367392504e-01 9.999999999986560750e-01
-2.617653111146395761e-01 -2.059411267328327966e-01 7.980967603700531710e-01 9.999999999986779464e-01
-2.874483362329957048e-01 -2.243656310542909982e-01 7.427977348232666088e-01 9.999999999987020383e-01
-2.759468498734911068e-01 -2.560475061965302168e-01 7.665436212302536578e-01 9.999999999986850518e-01
-2.471509505224882830e-01 -2.425527289256688979e-01 8.297182547193300284e-01 9.999999999986552979e-01
-2.578759513755448096e-01 -2.062220297974093619e-01 8.057989394536561045e-01 9.999999999986740606e-01
-2.874573907199338696e-01 -2.198683970269509069e-01 7.427870295823923996e-01 9.999999999987028154e-01
-2.798551643243053499e-01 -2.563029734088225209e-01 7.583820628130686359e-01 9.999999999986888266e-01
-2.472077799885329108e-01 -2.472973793631348394e-01 8.296405702142960470e-01 9.999999999986544097e-01
-2.539560697755613994e-01 -2.057522379796422329e-01 8.138136916962038780e-01 9.999999999986699528e-01
-2.874661969299476261e-01 -2.153710797222819495e-01 7.427767608563036195e-01 9.999999999987035926e-01
-2.837104029869350064e-01 -2.561218000914577964e-01 7.506990735275150817e-01 9.999999999986924903e-01
-2.471632644654553346e-01 -2.516113184855034990e-01 8.296923003083152004e-01 9.999999999986536325e-01
-2.506395724850447038e-01 -2.060016237489406266e-01 8.215489699519445965e-01 9.999999999986657340e-01
-2.874089923527630708e-01 -2.104986189721829715e-01 7.428838563150292895e-01 9.999999999987043697e-01
-2.002784558671643900e-01 2.225448530000761205e-01 9.189626346309209826e-01 9.999999999986093346e-01
-1.569302137102138173e-01 2.225218741591556415e-01 1.012121375775576260e+00 9.999999999985513810e-01
-1.568845399456175183e-01 3.047121005759529933e-01 1.012242918311671236e+00 9.999999999985363930e-01
-2.003774845808353466e-01 3.050113266141034063e-01 9.189696592487991422e-01 9.999999999985936805e-01
-1.616265243927086648e-01 2.227650690213431872e-01 1.003745155262991906e+00 9.999999999985567101e-01
-1.569619885663188497e-01 2.974333648901487659e-01 1.012194080597182522e+00 9.999999999985379473e-01
-1.966874820540537860e-01 3.050927505792505046e-01 9.275830128475449632e-01 9.999999999985885735e-01
-2.002573221476842691e-01 2.299717781402570438e-01 9.189895985918805632e-01 9.999999999986081134e-01
-1.651039736980499384e-01 2.223102805467077336e-01 9.953467638154163133e-01 9.999999999985621502e-01
-1.568584149249481197e-01 2.895836228295997627e-01 1.012238448503768540e+00 9.999999999985395016e-01
-1.928284447100502563e-01 3.050212559177770122e-01 9.358811455625639653e-01 9.999999999985836885e-01
-2.003004916990735462e-01 2.371782844664341583e-01 9.189599802019351449e-01 9.999999999986068921e-01
-1.686382352972780607e-01 2.222709290228929158e-01 9.867243654076690573e-01 9.999999999985677013e-01
-1.569336744941948469e-01 2.823032201167745558e-01 1.012190756708965411e+00 9.999999999985409449e-01
-1.889355565116935254e-01 3.050181208426154811e-01 9.445242378229808944e-01 9.999999999985784704e-01
-2.002788928434968696e-01 2.446052056522137752e-01 9.189873590017640925e-01 9.999999999986055599e-01
-1.731073657104409969e-01 2.222919029750905218e-01 9.783991888295450190e-01 9.999999999985729193e-01
-1.568339373687057114e-01 2.744571534273778091e-01 1.012233121835944605e+00 9.999999999985424992e-01
-1.847968485518700632e-01 3.050487038281651242e-01 9.528798629238248719e-01 9.999999999985734744e-01
-2.003900157587880093e-01 2.525231754206021528e-01 9.188989308842112624e-01 9.999999999986042276e-01
-1.764792589604148587e-01 2.221891827486749960e-01 9.698490352084031541e-01 9.999999999985783594e-01
-1.568440881577157497e-01 2.673429030547946339e-01 1.012219391614103792e+00 9.999999999985438315e-01
-1.807577406606288573e-01 3.047362540462201230e-01 9.614033961996713007e-01 9.999999999985682564e-01
-2.003693029860317554e-01 2.599508946647293151e-01 9.189255573319085046e-01 9.999999999986027843e-01
-1.806457662846794598e-01 2.223482730321388878e-01 9.613876042827096402e-01 9.999999999985835775e-01
-1.569154905206312234e-01 2.600597672652947279e-01 1.012173705787148492e+00 9.999999999985451637e-01
-1.764897456804899178e-01 3.046405420408238585e-01 9.699377386302564519e-01 9.999999999985631494e-01
-2.003476014553026152e-01 2.673781898094068077e-01 9.189530447381657474e-01 9.999999999986014521e-01
-1.847176369971001153e-01 2.223895247456308122e-01 9.528434063911694896e-01 9.999999999985887955e-01
-1.568214908129804686e-01 2.522186775331188291e-01 1.012213089000761235e+00 9.999999999985464960e-01
-1.730547713330230220e-01 3.046208565744126795e-01 9.785293009796365293e-01 9.999999999985577093e-01
-2.003249519397941047e-01 2.748050503645716458e-01 9.189813575043950244e-01 9.999999999986000088e-01
-1.889146744448075843e-01 2.228175362422478434e-01 9.444460021284495355e-01 9.999999999985939025e-01
-1.568903972710156969e-01 2.449339596351847170e-01 1.012168709409582812e+00 9.999999999985477173e-01
-1.687313603152389985e-01 3.049210143107354831e-01 9.867641094533520230e-01 9.999999999985526022e-01
-2.003013951779674673e-01 2.822314669868867254e-01 9.190104600675955693e-01 9.999999999985984545e-01
-1.928110340603416684e-01 2.226190392114278660e-01 9.358009021604654087e-01 9.999999999985991206e-01
-1.569561856577051939e-01 2.376472126766181470e-01 1.012125907085856813e+00 9.999999999985490495e-01
-1.651613603715753331e-01 3.047536896487172964e-01 9.954105900560904496e-01 9.999999999985470511e-01
-2.002769717798754401e-01 2.896574314529289373e-01 9.190403169818746054e-01 9.999999999985969001e-01
-1.966595830953397628e-01 2.225269015039115228e-01 9.275122798471480134e-01 9.999999999986041166e-01
-1.568671887511990382e-01 2.298100998560553831e-01 1.012162732986478186e+00 9.999999999985502708e-01
-1.616253303236167282e-01 3.051549526311365668e-01 1.003843436665019295e+00 9.999999999985416110e-01
-2.002517221387126456e-01 2.970829366298605723e-01 9.190708929953955719e-01 9.999999999985953458e-01
-2.809625670276936771e-01 1.368464507070318859e-02 5.608152309384246692e-01 9.999999999988194999e-01
-2.537988919276915611e-01 1.355421627874029561e-02 6.190176578356293424e-01 9.999999999987967403e-01
-2.538052015020924035e-01 1.103403349836995506e-01 6.191065462787167517e-01 9.999999999987917443e-01
-2.809842141987439756e-01 1.105287045562140247e-01 5.608625672028707543e-01 9.999999999988143928e-01
-2.564346057723185801e-01 1.354987383593361794e-02 6.134832054489975928e-01 9.999999999987990718e-01
-2.537939607236728290e-01 1.017890148740155515e-01 6.191258031943489559e-01 9.999999999987925214e-01
-2.785364824997666466e-01 1.104761642600340793e-01 5.661620491939878264e-01 9.999999999988125055e-01
-2.809679449326389911e-01 2.235664646662817792e-02 5.608079307412134895e-01 9.999999999988193888e-01
-2.587259276492344662e-01 1.354656074270084269e-02 6.087762256183009146e-01 9.999999999988009591e-01
-2.538132094222401158e-01 9.288544875161053316e-02 6.190672537899929440e-01 9.999999999987932986e-01
-2.759889787398627226e-01 1.104016627242571658e-01 5.714528353495292867e-01 9.999999999988105071e-01
-2.809687823616222602e-01 3.140940438858606798e-02 5.608163645298430700e-01 9.999999999988191668e-01
-2.611798021082687993e-01 1.384217205620341673e-02 6.031847236805741863e-01 9.999999999988032906e-01
-2.538028394558892731e-01 8.433443048845311318e-02 6.190843287453683397e-01 9.999999999987938537e-01
-2.738303451560822888e-01 1.106079362802457472e-01 5.764542333786086825e-01 9.999999999988086197e-01
-2.809608296466593602e-01 4.018229289564511503e-02 5.608541778353529628e-01 9.999999999988188337e-01
-2.635298782992542277e-01 1.383252551731646747e-02 5.975786893843466618e-01 9.999999999988055110e-01
-2.538177745183081702e-01 7.543147423961003850e-02 6.190367043841664696e-01 9.999999999987945198e-01
-2.710902762940586852e-01 1.104926747850481089e-01 5.817235187833856846e-01 9.999999999988066213e-01
-2.809708041220747576e-01 4.885455265533747427e-02 5.608312517654757690e-01 9.999999999988186117e-01
-2.660679320472639220e-01 1.382736054075437912e-02 5.925905314056063578e-01 9.999999999988075094e-01
-2.537897007435839236e-01 6.657158078062125339e-02 6.190983179744726783e-01 9.999999999987949639e-01
-2.690307734538375795e-01 1.104191268966308592e-01 5.873982033238112077e-01 9.999999999988044008e-01
-2.809693916879497100e-01 5.790804330915078763e-02 5.608473705997060188e-01 9.999999999988181676e-01
-2.690043811001978091e-01 1.382406774953785777e-02 5.873639486411993405e-01 9.999999999988093968e-01
-2.538025892677723272e-01 5.766911577546164624e-02 6.190560450097334355e-01 9.999999999987955190e-01
-2.660893638322575638e-01 1.102585736874762135e-01 5.926392278396174218e-01 9.999999999988024024e-01
-2.809840775254130452e-01 6.658008330217400628e-02 5.608080124644325704e-01 9.999999999988177235e-01
-2.710678900235728994e-01 1.373268546876493107e-02 5.816780732187333269e-01 9.999999999988117283e-01
-2.538117713084447891e-01 4.876695710679431611e-02 6.190230661130642353e-01 9.999999999987958521e-01
-2.635353262094885518e-01 1.107566790841537779e-01 5.976728849614499905e-01 9.999999999988005150e-01
-2.809688086299919618e-01 7.535457963901376344e-02 5.608711743332918109e-01 9.999999999988171684e-01
-2.738036011408712112e-01 1.372234944292753667e-02 5.764225189997677079e-01 9.999999999988137267e-01
-2.538046322225098739e-01 4.021665603952001566e-02 6.190319554333446606e-01 9.999999999987961852e-01
-2.611809076125787832e-01 1.106146123112954904e-01 6.032897543047235356e-01 9.999999999987981836e-01
-2.809865567353424520e-01 8.402648203410559291e-02 5.608213663397232374e-01 9.999999999988166133e-01
-2.759758139655539289e-01 1.370913509603681295e-02 5.713782844140863348e-01 9.999999999988156141e-01
-2.538003424615144499e-01 3.100553440154454540e-02 6.190328507081758191e-01 9.999999999987964072e-01
-2.587541290578051489e-01 1.107520665946746252e-01 6.088086056927105583e-01 9.999999999987959631e-01
-2.809842922306540203e-01 9.308082515666135648e-02 5.608404606612034105e-01 9.999999999988159471e-01
-2.785189169479516114e-01 1.369727684859022195e-02 5.661012251036725562e-01 9.999999999988176125e-01
-2.537964665685525367e-01 2.245549740021235419e-02 6.190333513863579551e-01 9.999999999987966293e-01
-2.564459871313274908e-01 1.105482773354534154e-01 6.135597963755589079e-01 9.999999999987940758e-01
-2.809622080466446237e-01 1.018571175899089937e-01 5.609268465400022441e-01 9.999999999988151700e-01
-1.382453448317678135e-01 -2.407685054554257187e-01 7.849300618465515633e-01 9.999999999986988186e-01
-9.842656025285120847e-02 -2.404231193204209027e-01 8.710673771014257882e-01 9.999999999986486365e-01
-9.834855022150375270e-02 -1.693088313779895493e-01 8.712120826876063040e-01 9.999999999986594057e-01
-1.382449661724710344e-01 -1.693034110187776886e-01 7.849966042791610699e-01 9.999999999987100319e-01
-1.019112614710620673e-01 -2.406858337582841734e-01 8.631350206174810413e-01 9.999999999986534105e-01
-9.843580362788627303e-02 -1.759691412477798200e-01 8.711213777044057860e-01 9.999999999986585175e-01
-1.347555440725290987e-01 -1.695773943466367395e-01 7.926019315289982714e-01 9.999999999987058130e-01
-1.381718186876605692e-01 -2.339278925388650621e-01 7.850345313431182914e-01 9.999999999987000399e-01
-1.052127825530464883e-01 -2.403738589641466195e-01 8.554064530151864743e-01 9.999999999986581845e-01
-9.840299968380415707e-02 -1.821713553089240878e-01 8.711469954373673996e-01 9.999999999986577404e-01
-1.311991182422771463e-01 -1.691347223409561118e-01 8.004737917513009560e-01 9.999999999987013721e-01
-1.381429577356865779e-01 -2.277413679934345292e-01 7.850787542067444447e-01 9.999999999987010391e-01
-1.094005343762183419e-01 -2.405811425032093887e-01 8.475805111399472569e-01 9.999999999986627364e-01
-9.843478998718774298e-02 -1.890323767038272484e-01 8.711096028852751694e-01 9.999999999986568522e-01
-1.276411348582244532e-01 -1.692743689556150399e-01 8.084909029895706034e-01 9.999999999986967092e-01
-1.381907383559531355e-01 -2.213141392268275498e-01 7.850209469273122798e-01 9.999999999987022603e-01
-1.126251709285960995e-01 -2.407176657399927033e-01 8.396033663929555191e-01 9.999999999986675103e-01
-9.840027786246341446e-02 -1.952335597834306269e-01 8.711368699117869596e-01 9.999999999986558530e-01
-1.240161730739955254e-01 -1.691064350536678473e-01 8.162223916132129720e-01 9.999999999986922683e-01
-1.382366305129191786e-01 -2.148860209786318809e-01 7.849656204066026710e-01 9.999999999987033705e-01
-1.164337501327940422e-01 -2.404576616633166131e-01 8.318499453687844269e-01 9.999999999986720622e-01
-9.843384438680777282e-02 -2.020951885932865955e-01 8.710977628051457256e-01 9.999999999986549648e-01
-1.202841339325685099e-01 -1.691007677063963710e-01 8.241891648469751308e-01 9.999999999986876054e-01
-1.381686718543079506e-01 -2.080473283708626497e-01 7.850626611080754325e-01 9.999999999987043697e-01
-1.203477937634328809e-01 -2.405445471770007726e-01 8.240477681684207356e-01 9.999999999986766142e-01
-9.846462089754297320e-02 -2.080997387569212265e-01 8.710621739381003703e-01 9.999999999986539656e-01
-1.165325678236343865e-01 -1.694499555162876925e-01 8.318057313856880297e-01 9.999999999986831645e-01
-1.382130654370961609e-01 -2.016184533739821261e-01 7.850093517677889654e-01 9.999999999987054800e-01
-1.241339005863077577e-01 -2.405145297834119233e-01 8.160144603170356170e-01 9.999999999986812771e-01
-9.856949692968643151e-02 -2.147679171551278299e-01 8.709542842455566536e-01 9.999999999986530774e-01
-1.125628779322232625e-01 -1.695145988016852900e-01 8.397394698330701290e-01 9.999999999986785015e-01
-1.381864233755357996e-01 -1.954323156237645076e-01 7.850506367713485645e-01 9.999999999987063681e-01
-1.278121023429454606e-01 -2.406073266763441576e-01 8.082138794777253832e-01 9.999999999986857180e-01
-9.846512906387119846e-02 -2.211627070214621515e-01 8.710489311686665515e-01 9.999999999986519672e-01
-1.093917404853237130e-01 -1.694005345154580566e-01 8.476581090901746940e-01 9.999999999986737276e-01
-1.382283774268089627e-01 -1.890023940418073811e-01 7.850005653242977388e-01 9.999999999987073673e-01
-1.313613089888224228e-01 -2.405912723485678917e-01 8.002019867371712447e-01 9.999999999986902699e-01
-9.857430216000312440e-02 -2.278332332339834121e-01 8.709368955960034020e-01 9.999999999986508570e-01
-1.052443257857562237e-01 -1.693032135563478091e-01 8.554424753644919166e-01 9.999999999986690646e-01
-1.381667467492456725e-01 -1.821655068123651522e-01 7.850891625662723694e-01 9.999999999987082555e-01
-1.348097570962699387e-01 -2.407191300603616635e-01 7.924654134031451358e-01 9.999999999986945998e-01
-9.846562116338869464e-02 -2.342252761223709845e-01 8.710357042872750588e-01 9.999999999986497468e-01
-1.018501237106258367e-01 -1.692453792162670612e-01 8.632653247422718001e-01 9.999999999986642907e-01
-1.382070226759901932e-01 -1.757348603214962668e-01 7.850413485933479540e-01 9.999999999987091437e-01
-2.406629585403298188e-01 9.143451119496336099e-02 5.131769539609488673e-01 9.999999999988469224e-01
-1.990963039344620933e-01 9.153524253881491213e-02 6.032316800947503665e-01 9.999999999988118393e-01
-1.990661204059202549e-01 1.630438401967003736e-01 6.033691212338900822e-01 9.999999999988040678e-01
-2.406611978204911406e-01 1.628743020039535583e-01 5.132606954877865224e-01 9.999999999988390398e-01
-2.028276951345418244e-01 9.171991495198392186e-02 5.948649695150263206e-01 9.999999999988153920e-01
-1.990720336285305425e-01 1.563685635970339938e-01 6.033487722192567571e-01 9.999999999988049559e-01
-2.367770903134059357e-01 1.627430540993595742e-01 5.215500069526181059e-01 9.999999999988361532e-01
-2.406574582887097691e-01 9.819550476211127976e-02 5.132048650902429898e-01 9.999999999988463673e-01
-2.066179360529303288e-01 9.155546172153337936e-02 5.869758258935698914e-01 9.999999999988186117e-01
-1.990775334574401145e-01 1.496934294427597623e-01 6.033294262720622081e-01 9.999999999988058441e-01
-2.330143640356042434e-01 1.629327394958063613e-01 5.297983323436672443e-01 9.999999999988331556e-01
-2.406605276787346925e-01 1.043182621560023032e-01 5.131999734448213779e-01 9.999999999988458121e-01
-2.102195788709579627e-01 9.134816581644744637e-02 5.790432651561095989e-01 9.999999999988219423e-01
-1.990775033113142134e-01 1.436559356442928537e-01 6.033240901374894438e-01 9.999999999988066213e-01
-2.291028785647600263e-01 1.629236534812181225e-01 5.377810115216238307e-01 9.999999999988302690e-01
-2.406540564259952719e-01 1.110797922565001788e-01 5.132315239130911255e-01 9.999999999988451460e-01
-2.140726538331176043e-01 9.146625961451587683e-02 5.709210958675753345e-01 9.999999999988252730e-01
-1.990823531872933649e-01 1.369810542335749282e-01 6.033063228861946792e-01 9.999999999988073984e-01
-2.256049336602051480e-01 1.630442232448284789e-01 5.464303508260238695e-01 9.999999999988269384e-01
-2.406787774004378877e-01 1.174554349718843343e-01 5.131456175398302344e-01 9.999999999988445909e-01
-2.177731319987605829e-01 9.147034433105663553e-02 5.626054510226448091e-01 9.999999999988286037e-01
-1.990867471180725878e-01 1.303063109039608036e-01 6.032896620053771475e-01 9.999999999988081756e-01
-2.216810973930368744e-01 1.629114202573216930e-01 5.541862854317163301e-01 9.999999999988240518e-01
-2.406498374136029628e-01 1.239648230534886597e-01 5.132612515790196950e-01 9.999999999988438137e-01
-2.216586416172416363e-01 9.152054289694303013e-02 5.541849308035740052e-01 9.999999999988318233e-01
-1.990454825668456496e-01 1.239687449834090821e-01 6.033841757254106986e-01 9.999999999988087307e-01
-2.177702543484779096e-01 1.631412648532165055e-01 5.626817518490154768e-01 9.999999999988207211e-01
-2.406767201331509454e-01 1.303398111254095160e-01 5.131672642188022104e-01 9.999999999988431476e-01
-2.255957340171979852e-01 9.157459311969899651e-02 5.463887165314968986e-01 9.999999999988348209e-01
-1.990899011263375096e-01 1.175946271882566396e-01 6.032706059017767242e-01 9.999999999988095079e-01
-2.140486911399593073e-01 1.630347358434421079e-01 5.710546002994447701e-01 9.999999999988173904e-01
-2.406694882308395567e-01 1.371020900947508836e-01 5.132017380836203513e-01 9.999999999988423705e-01
-2.290845278232822857e-01 9.144809595796039858e-02 5.377693770933070772e-01 9.999999999988381516e-01
-1.990930851184672112e-01 1.109202614936219411e-01 6.032568827517214016e-01 9.999999999988101740e-01
-2.102114778339727597e-01 1.627741776835070209e-01 5.791309284005923264e-01 9.999999999988142818e-01
-2.406738198683218977e-01 1.432249087236204255e-01 5.131920756488803637e-01 9.999999999988417043e-01
-2.330351839189178376e-01 9.169690407458423731e-02 5.296544979035997525e-01 9.999999999988410382e-01
-1.990569744496567817e-01 1.045826539726830290e-01 6.033389135380402557e-01 9.999999999988106181e-01
-2.065940210060279447e-01 1.628221860737628368e-01 5.871029269500857017e-01 9.999999999988109511e-01
-2.406657127548927078e-01 1.499878014139327254e-01 5.132298285970297025e-01 9.999999999988408161e-01
-2.367666427171786492e-01 9.126444954104678819e-02 5.215123405304090687e-01 9.999999999988440358e-01
-1.990614230893214820e-01 9.790841958296961356e-02 6.033221396091341671e-01 9.999999999988112842e-01
-2.028355629230428891e-01 1.630893651074185879e-01 5.949097195377814895e-01 9.999999999988077315e-01
-2.406569335950403954e-01 1.567511446129314645e-01 5.132700830202443498e-01 9.999999999988399280e-01
-1.483114200359945678e-01 -2.037464425688298719e-01 6.901355276234641956e-01 9.999999999987591037e-01
-1.067109757861117725e-01 -2.038924330580604571e-01 7.785966026062172141e-01 9.999999999987119192e-01
-1.066922988938207584e-01 -1.463441357916395458e-01 7.786714445462372680e-01 9.999999999987196908e-01
-1.483634630319436432e-01 -1.463193653249904025e-01 6.900914574929366552e-01 9.999999999987673194e-01
-1.109624698970339690e-01 -2.040152097094315720e-01 7.702605592578505300e-01 9.999999999987165822e-01
-1.066675721618504935e-01 -1.511125990768161786e-01 7.787002156443237899e-01 9.999999999987191357e-01
-1.444424596212688094e-01 -1.459387783033677943e-01 6.979045125710081621e-01 9.999999999987634336e-01
-1.483587865475721190e-01 -1.987436213197290302e-01 6.900557276526757544e-01 9.999999999987599919e-01
-1.142924367588082635e-01 -2.037836714753289702e-01 7.625090868959050194e-01 9.999999999987209121e-01
-1.066782874169006495e-01 -1.565180795081691778e-01 7.786812602617776413e-01 9.999999999987185806e-01
-1.405078015401766967e-01 -1.461490070250958950e-01 7.060606923265491108e-01 9.999999999987592147e-01
-1.483167288615151458e-01 -1.933893112784683677e-01 6.901348121101358313e-01 9.999999999987607691e-01
-1.183638990300073801e-01 -2.037216111731459389e-01 7.541722797168105563e-01 9.999999999987255750e-01
-1.066896475130042210e-01 -1.619236660930536142e-01 7.786614437696807167e-01 9.999999999987179145e-01
-1.371795391240748785e-01 -1.463738302388361834e-01 7.143627807931344220e-01 9.999999999987547739e-01
-1.482763409633266749e-01 -1.880351790984251814e-01 6.902108790261808347e-01 9.999999999987615462e-01
-1.216571376688660999e-01 -2.037240350523742971e-01 7.463119859676545786e-01 9.999999999987299049e-01
-1.067016312664479383e-01 -1.673293642627904088e-01 7.786407944237573320e-01 9.999999999987172483e-01
-1.328607591960793699e-01 -1.460828686877854166e-01 7.223522409833754709e-01 9.999999999987506660e-01
-1.483923695367329321e-01 -1.827485636670482805e-01 6.900095602426146169e-01 9.999999999987624344e-01
-1.254821869776066023e-01 -2.037314031854689234e-01 7.381415512761164699e-01 9.999999999987342347e-01
-1.066744576407636230e-01 -1.720968733050446953e-01 7.786728261537743112e-01 9.999999999987165822e-01
-1.292402268638352392e-01 -1.461721270724710975e-01 7.303498956996707925e-01 9.999999999987464472e-01
-1.483523023281290709e-01 -1.773943952608696972e-01 6.900851599799981972e-01 9.999999999987632116e-01
-1.292819327904863869e-01 -2.036662420675069696e-01 7.302361778369163003e-01 9.999999999987384536e-01
-1.066866609900919832e-01 -1.775025078795821332e-01 7.786518890373849144e-01 9.999999999987158050e-01
-1.254815044011671765e-01 -1.461975013068819440e-01 7.381914762297102639e-01 9.999999999987422283e-01
-1.483945147373148810e-01 -1.723903782567296761e-01 6.900144479589130908e-01 9.999999999987639887e-01
-1.328664229657641749e-01 -2.037695966551209270e-01 7.222944686548852244e-01 9.999999999987426724e-01
-1.066994478632848492e-01 -1.829082632427758426e-01 7.786301725123366824e-01 9.999999999987150279e-01
-1.216832730409120739e-01 -1.461736478489548685e-01 7.463223629288334715e-01 9.999999999987377874e-01
-1.483561871133207977e-01 -1.670363378554101663e-01 6.900869674158978118e-01 9.999999999987646548e-01
-1.371439531612782259e-01 -2.036324486680786139e-01 7.143728745292851068e-01 9.999999999987467802e-01
-1.067127964073274898e-01 -1.883141435797872354e-01 7.786077057315945460e-01 9.999999999987143617e-01
-1.183797346828230762e-01 -1.464092591544181587e-01 7.541985339287174961e-01 9.999999999987334576e-01
-1.483964213306202817e-01 -1.620319151561508408e-01 6.900197586156653351e-01 9.999999999987653210e-01
-1.405340178168721366e-01 -2.039176112666713780e-01 7.059679320906957489e-01 9.999999999987511101e-01
-1.066833791874298304e-01 -1.930806546635367438e-01 7.786427273478487843e-01 9.999999999987135846e-01
-1.143980473838280554e-01 -1.462650394563951017e-01 7.624102512621869776e-01 9.999999999987289057e-01
-1.483599126569413451e-01 -1.566779942130737957e-01 6.900890571776950866e-01 9.999999999987659871e-01
-1.444276502612680813e-01 -2.038594440361100879e-01 6.978814651432381222e-01 9.999999999987552179e-01
-1.066969170955574669e-01 -1.984864779590194417e-01 7.786200128772110540e-01 9.999999999987128074e-01
-1.109287193567162350e-01 -1.463762296723955525e-01 7.703565989322267438e-01 9.999999999987244648e-01
-1.483253600247926851e-01 -1.513242265573992440e-01 6.901548281691266551e-01 9.999999999987666532e-01
-1.456614479825096009e-01 1.605891541734801864e-01 5.922559971034843107e-01 9.999999999988177235e-01
-1.147090177261075178e-01 1.608694355097687601e-01 6.592659857905491805e-01 9.999999999987860821e-01
-1.147470271293425242e-01 2.596954308964759539e-01 6.592674539909562093e-01 9.999999999987690957e-01
-1.456790063805297186e-01 2.594605176073489505e-01 5.922876323749342031e-01 9.999999999988002930e-01
-1.175196017085120143e-01 1.607720390126999577e-01 6.531125729674734925e-01 9.999999999987891908e-01
-1.146345272118159536e-01 2.507892319832799033e-01 6.594708119907017885e-01 9.999999999987708721e-01
-1.431192051353897265e-01 2.596770992351305485e-01 5.985659534571565743e-01 9.999999999987974064e-01
-1.456571248886750214e-01 1.694938950635195563e-01 5.922724854129652883e-01 9.999999999988165023e-01
-1.203789187137539740e-01 1.606651027719559477e-01 6.474159961702490307e-01 9.999999999987919663e-01
-1.146189655130979146e-01 2.416058477421653694e-01 6.594930927062339077e-01 9.999999999987726484e-01
-1.401726952080264710e-01 2.594533400207991169e-01 6.045088400901592607e-01 9.999999999987948529e-01
-1.457204324008069818e-01 1.786928699545429211e-01 5.921328881787750742e-01 9.999999999988151700e-01
-1.231000142902290428e-01 1.608083182848556725e-01 6.409875367390228673e-01 9.999999999987950750e-01
-1.147095524953035406e-01 2.327603343816517512e-01 6.593176575150530017e-01 9.999999999987744248e-01
-1.374214089406452233e-01 2.595322229202852715e-01 6.107092397924939187e-01 9.999999999987920773e-01
-1.457178181505715819e-01 1.875978539240994725e-01 5.921454373127333914e-01 9.999999999988138377e-01
-1.257978816199973315e-01 1.606183456942874288e-01 6.351829275352421922e-01 9.999999999987979615e-01
-1.146932687849838428e-01 2.235771813896808291e-01 6.593413099167195757e-01 9.999999999987762012e-01
-1.344802959412452481e-01 2.598491115639860460e-01 6.170651366099545454e-01 9.999999999987890797e-01
-1.456368826867943667e-01 1.968244886083266865e-01 5.923391973490818030e-01 9.999999999988122834e-01
-1.288888522311320284e-01 1.607345239707068107e-01 6.292433953329391594e-01 9.999999999988007371e-01
-1.145904231570268883e-01 2.146736830936188112e-01 6.595265280212857517e-01 9.999999999987776444e-01
-1.313518146213450422e-01 2.597235445851933666e-01 6.226950872621868083e-01 9.999999999987865262e-01
-1.456313336349550069e-01 2.057300905040544414e-01 5.923585184199176012e-01 9.999999999988107291e-01
-1.313407542991079091e-01 1.607410452607241358e-01 6.226462622965004412e-01 9.999999999988038457e-01
-1.146761518558563897e-01 2.058277895085067755e-01 6.593602313415497518e-01 9.999999999987793098e-01
-1.290068425480833114e-01 2.597317243121300967e-01 6.290738671662781112e-01 9.999999999987835286e-01
-1.456255867548311433e-01 2.146359018803446761e-01 5.923782967697162061e-01 9.999999999988091748e-01
-1.344730126274177595e-01 1.605133839321161993e-01 6.170083238700545536e-01 9.999999999988065102e-01
-1.146618903936964945e-01 1.966455577332762161e-01 6.593800958425358738e-01 9.999999999987807531e-01
-1.257852168793263670e-01 2.598303244012239999e-01 6.352806067010887681e-01 9.999999999987806421e-01
-1.456979579414223736e-01 2.238350639955135057e-01 5.922178149790341406e-01 9.999999999988075094e-01
-1.373555248370932902e-01 1.608185754419443891e-01 6.107804959870272166e-01 9.999999999988092858e-01
-1.146485671061923534e-01 1.874636546525613179e-01 6.593982025166313932e-01 9.999999999987821964e-01
-1.230868911533014726e-01 2.596420716514740712e-01 6.410854598487966127e-01 9.999999999987778665e-01
-1.456935672870612319e-01 2.327411136224174504e-01 5.922344671759369739e-01 9.999999999988058441e-01
-1.402080934772369780e-01 1.607673439276464944e-01 6.043584163988330316e-01 9.999999999988122834e-01
-1.147257668182501411e-01 1.786168781085565038e-01 6.592477354756144381e-01 9.999999999987836397e-01
-1.203786192853031622e-01 2.597311815247015931e-01 6.474889545330863028e-01 9.999999999987747579e-01
-1.456889302857818924e-01 2.416473723385341166e-01 5.922516884613969745e-01 9.999999999988040678e-01
-1.430022513597887235e-01 1.607314237405420843e-01 5.987582503733190897e-01 9.999999999988148369e-01
-1.146365240701680555e-01 1.697164507235310038e-01 6.594076279200991042e-01 9.999999999987847499e-01
-1.174200993786154862e-01 2.596928379461751479e-01 6.533739884537245191e-01 9.999999999987719823e-01
-1.456840693995141711e-01 2.505538403133972247e-01 5.922694269444988002e-01 9.999999999988021804e-01
-4.833874571952286037e-02 -1.626773218260037235e-01 7.810489341878521508e-01 9.999999999987198018e-01
-7.858296411796908063e-03 -1.630122517073780142e-01 8.677431599610277990e-01 9.999999999986659560e-01
-7.826565672250963834e-03 -1.006014491353969392e-01 8.678271159803012669e-01 9.999999999986721733e-01
-4.842086814379502335e-02 -1.007508519614415954e-01 7.809926969318822243e-01 9.999999999987262411e-01
-1.195604970859160884e-02 -1.627587729638578506e-01 8.600241518529860851e-01 9.999999999986710630e-01
-7.772425401773484614e-03 -1.060304083753399462e-01 8.678721833369470451e-01 9.999999999986717292e-01
-4.498657656426647417e-02 -1.008601282295111395e-01 7.887904396036061749e-01 9.999999999987215782e-01
-4.838223226074533229e-02 -1.570848682389187068e-01 7.809977862093716583e-01 9.999999999987205790e-01
-1.535199835821194139e-02 -1.627310501725022784e-01 8.521678763792523981e-01 9.999999999986760590e-01
-7.821436640439981616e-03 -1.119081325970262553e-01 8.678219229113930400e-01 9.999999999986712851e-01
-4.140848441405969860e-02 -1.005166576987786137e-01 7.968477879360530425e-01 9.999999999987168042e-01
-4.842350823724144576e-02 -1.514915058462000808e-01 7.809494325325678776e-01 9.999999999987212451e-01
-1.943400292993196707e-02 -1.629129099729434704e-01 8.443056841909878374e-01 9.999999999986810550e-01
-7.874919310050866247e-03 -1.177872404477820073e-01 8.677674888132812514e-01 9.999999999986707300e-01
-3.777852915588986171e-02 -1.007359855722764902e-01 8.046188896061121643e-01 9.999999999987120303e-01
-4.846247081638786758e-02 -1.458972585796862176e-01 7.809040035830822069e-01 9.999999999987219113e-01
-2.265026025997216377e-02 -1.628750649642209947e-01 8.362051755677024634e-01 9.999999999986861621e-01
-7.815125908362785187e-03 -1.232141077255618639e-01 8.678178160238213534e-01 9.999999999986702859e-01
-3.413368321681859580e-02 -1.007011889452632397e-01 8.124562165133150105e-01 9.999999999987072563e-01
-4.838920331756041415e-02 -1.398968403337925159e-01 7.810023921633124644e-01 9.999999999987225774e-01
-2.643272666254567818e-02 -1.626080908441368822e-01 8.285740216630255173e-01 9.999999999986909360e-01
-7.872599332824532781e-03 -1.290945346574232377e-01 8.677597194608186459e-01 9.999999999986697308e-01
-3.038017844343192733e-02 -1.008152827839822185e-01 8.204386548042272853e-01 9.999999999987022603e-01
-4.836673262067268941e-02 -1.345146961456133994e-01 7.810353282084716575e-01 9.999999999987231325e-01
-3.026468461111594607e-02 -1.627021726742949870e-01 8.205163733792246727e-01 9.999999999986959320e-01
-7.807715959349457308e-03 -1.345193340608037691e-01 8.678147195311080031e-01 9.999999999986691757e-01
-2.646884029730682888e-02 -1.004484058476124014e-01 8.285867254916660096e-01 9.999999999986971533e-01
-4.840405777446168956e-02 -1.289197051283977047e-01 7.809920401578968052e-01 9.999999999987236876e-01
-3.404484340362905204e-02 -1.627060579360143922e-01 8.125075475372850464e-01 9.999999999987009280e-01
-7.869000657750802735e-03 -1.404011625019464526e-01 8.677531252886896418e-01 9.999999999986686205e-01
-2.255990882898585570e-02 -1.004514246676292827e-01 8.363525026838395382e-01 9.999999999986923793e-01
-4.843882219360635261e-02 -1.233238963549739553e-01 7.809519919197618343e-01 9.999999999987243537e-01
-3.777660136487093201e-02 -1.626206953168950198e-01 8.045711473655389190e-01 9.999999999987057020e-01
-7.799293335085623856e-03 -1.458237771472113975e-01 8.678125539173049408e-01 9.999999999986679544e-01
-1.937866642545942389e-02 -1.006619430055445824e-01 8.444148671881301915e-01 9.999999999986871613e-01
-4.847092914235273664e-02 -1.177273033979242128e-01 7.809153062380727039e-01 9.999999999987249089e-01
-4.139557329260991347e-02 -1.626485535562003648e-01 7.968136717202001229e-01 9.999999999987104760e-01
-7.864204546870996043e-03 -1.517070806234269431e-01 8.677476316186081284e-01 9.999999999986672883e-01
-1.534288193022563702e-02 -1.005518721219379741e-01 8.522302426353122184e-01 9.999999999986821653e-01
-4.840928542722926914e-02 -1.117297124260753644e-01 7.809988734268310528e-01 9.999999999987253529e-01
-4.492323700139701920e-02 -1.625975411751444111e-01 7.888203679712817440e-01 9.999999999987152499e-01
-7.789947190145328493e-03 -1.571274085397446341e-01 8.678112372651354267e-01 9.999999999986666221e-01
-1.203240399717348495e-02 -1.006522626125956055e-01 8.600053623083178111e-01 9.999999999986771693e-01
-4.839067064353469450e-02 -1.063481089809540370e-01 7.810268923025519561e-01 9.999999999987257970e-01
-1.623981682232996104e-01 2.391707875931764135e-02 4.906059452389690545e-01 9.999999999988741228e-01
-1.304712233007020994e-01 2.404550285100043316e-02 5.599536266534788087e-01 9.999999999988462562e-01
-1.304749550618442555e-01 1.254657040120132350e-01 5.600105581308073566e-01 9.999999999988397059e-01
-1.624217304986858013e-01 1.254903663883971121e-01 4.905997921289596553e-01 9.999999999988674615e-01
-1.334071328789963595e-01 2.370316923027183942e-02 5.535313979358388314e-01 9.999999999988490318e-01
-1.304821633229373834e-01 1.164598230211649765e-01 5.599869196488367340e-01 9.999999999988405941e-01
-1.595125524809165585e-01 1.254741129858128468e-01 4.971233461276916010e-01 9.999999999988650190e-01
-1.623909733583975556e-01 3.298242624939766443e-02 4.906354707578267638e-01 9.999999999988739008e-01
-1.362334066977782532e-01 2.395580976187323269e-02 5.470931033309121005e-01 9.999999999988518073e-01
-1.304952244434161579e-01 1.068507163799349291e-01 5.599484496779655318e-01 9.999999999988415933e-01
-1.565658967086014930e-01 1.252992476711768111e-01 5.033828268086564250e-01 9.999999999988626875e-01
-1.623913687441534415e-01 4.229306817920355094e-02 4.906406516380055760e-01 9.999999999988735677e-01
-1.391156280950618662e-01 2.393924690879308328e-02 5.413351222228066639e-01 9.999999999988541388e-01
-1.304997682826513072e-01 9.784543571729080458e-02 5.599313664950041902e-01 9.999999999988423705e-01
-1.538521930778385671e-01 1.254582671216014633e-01 5.095582320535281262e-01 9.999999999988602450e-01
-1.623920315918406798e-01 5.160389283356581203e-02 4.906449630625033254e-01 9.999999999988732347e-01
-1.421990963555186394e-01 2.384664065385093401e-02 5.345349193844268765e-01 9.999999999988570254e-01
-1.304646373297518036e-01 8.856165416886320474e-02 5.600119004778354448e-01 9.999999999988431476e-01
-1.506112388085983078e-01 1.255657819045029877e-01 5.159905744504554859e-01 9.999999999988578026e-01
-1.623929563846846780e-01 6.091489076387988227e-02 4.906484229286227627e-01 9.999999999988726795e-01
-1.453245976416889518e-01 2.382420733880176097e-02 5.284628329107794453e-01 9.999999999988594679e-01
-1.304703834832863507e-01 7.955665647602540302e-02 5.599918785904609564e-01 9.999999999988438137e-01
-1.477245145272626514e-01 1.252990833556776873e-01 5.220129075089445791e-01 9.999999999988554711e-01
-1.623941360150371882e-01 7.022605293604380905e-02 4.906510543076677000e-01 9.999999999988721244e-01
-1.477154875687650970e-01 2.404812217283706227e-02 5.219711202836851971e-01 9.999999999988621324e-01
-1.304796965683738819e-01 6.994861652826676879e-02 5.599626731821065739e-01 9.999999999988443689e-01
-1.453108320804466780e-01 1.254121328311028349e-01 5.285682886281641846e-01 9.999999999988528065e-01
-1.623723634389318826e-01 7.929435311628890704e-02 4.907277584455024821e-01 9.999999999988715693e-01
-1.506336977770154351e-01 2.367430908282651056e-02 5.158572309654761989e-01 9.999999999988645749e-01
-1.304824878918583730e-01 6.094416042779750298e-02 5.599499225311763695e-01 9.999999999988449240e-01
-1.421933492367946084e-01 1.256814858211282582e-01 5.346176014423303924e-01 9.999999999988503641e-01
-1.623715750181873585e-01 8.860637784816931262e-02 4.907367974172515135e-01 9.999999999988709032e-01
-1.538609214777881540e-01 2.389806219672133483e-02 5.094636624852433293e-01 9.999999999988670174e-01
-1.304607006213160114e-01 5.166035682683459140e-02 5.599974879371039105e-01 9.999999999988453681e-01
-1.391126555690614386e-01 1.256992136064671861e-01 5.414098750676007432e-01 9.999999999988474775e-01
-1.623710892759349655e-01 9.791859408806766196e-02 4.907448524451480942e-01 9.999999999988701260e-01
-1.565414121691008076e-01 2.386041463819446248e-02 5.033886991950052847e-01 9.999999999988693489e-01
-1.304870379600750196e-01 4.233274527418961347e-02 5.599265456788224959e-01 9.999999999988458121e-01
-1.362360572058113617e-01 1.253133148015633802e-01 5.471525953080125237e-01 9.999999999988451460e-01
-1.624149726723757292e-01 1.068671955815791025e-01 4.906088370566100698e-01 9.999999999988693489e-01
-1.595374802747622500e-01 2.371689238118093040e-02 4.969750924306653994e-01 9.999999999988717914e-01
-1.304701828201125235e-01 3.304916522626023118e-02 5.599620484283771571e-01 9.999999999988460342e-01
-1.334344718008544373e-01 1.255454420605284505e-01 5.535289974515232858e-01 9.999999999988424815e-01
-1.624182783209977277e-01 1.161787287111704509e-01 4.906045528380817977e-01 9.999999999988683497e-01
-1.568473192348879552e-01 -1.941442038672230030e-01 4.105370372224247943e-01 9.999999999988905541e-01
-1.137023843697814174e-01 -1.941206743943065804e-01 5.030081809022677319e-01 9.999999999988582466e-01
-1.136789799382018351e-01 -9.217812810111247757e-02 5.031277943219562010e-01 9.999999999988710142e-01
-1.568478601144960571e-01 -9.197534188891241802e-02 4.105975241290925060e-01 9.999999999989038768e-01
-1.177861370284776221e-01 -1.944716326560360087e-01 4.948705155891781615e-01 9.999999999988613553e-01
-1.136917648432256844e-01 -1.016439130735229263e-01 5.030870757732689436e-01 9.999999999988702371e-01
-1.529308959170284643e-01 -9.194119928507464568e-02 4.188416307340084854e-01 9.999999999989012123e-01
-1.568566038583547595e-01 -1.850519508235588251e-01 4.105020274894518595e-01 9.999999999988921084e-01
-1.215337551638042274e-01 -1.942721394165377591e-01 4.859206998171471947e-01 9.999999999988647970e-01
-1.137216050708043935e-01 -1.105212516786556048e-01 5.029990005782698503e-01 9.999999999988694599e-01
-1.490539123952425438e-01 -9.224020804502187920e-02 4.270814675106711644e-01 9.999999999988986588e-01
-1.568344792111102670e-01 -1.757712945874315980e-01 4.106044601250218307e-01 9.999999999988936628e-01
-1.255900084787971438e-01 -1.944294672074124153e-01 4.776142984448424889e-01 9.999999999988679056e-01
-1.137399149666349640e-01 -1.199854665781690810e-01 5.029427896685485511e-01 9.999999999988685717e-01
-1.452202070009003532e-01 -9.195365070601403679e-02 4.360542254880287460e-01 9.999999999988956612e-01
-1.568137776301293806e-01 -1.664884319691616044e-01 4.107005767844938982e-01 9.999999999988949950e-01
-1.295191314608130917e-01 -1.941121952398566497e-01 4.690892062722699651e-01 9.999999999988711252e-01
-1.137099893358889946e-01 -1.292032351677096513e-01 5.030215128597539387e-01 9.999999999988674615e-01
-1.412045848109152457e-01 -9.213899846327235077e-02 4.441973130955918503e-01 9.999999999988928856e-01
-1.568769550134141433e-01 -1.569890151325492311e-01 4.104301921365253181e-01 9.999999999988965493e-01
-1.332120296207801591e-01 -1.942781721313485699e-01 4.606870729993051694e-01 9.999999999988741228e-01
-1.137294004773326123e-01 -1.386667220286495195e-01 5.029622551597894287e-01 9.999999999988663513e-01
-1.372752711175728446e-01 -9.217794714506784282e-02 4.528726235975595316e-01 9.999999999988898880e-01
-1.568563556312546903e-01 -1.477058006812271007e-01 4.105260741470967978e-01 9.999999999988977706e-01
-1.372536896442431986e-01 -1.942396829460425467e-01 4.528902009838258191e-01 9.999999999988767874e-01
-1.136951881288420091e-01 -1.478851976312453020e-01 5.030528894026082831e-01 9.999999999988652410e-01
-1.331714386636279890e-01 -9.225932706975981112e-02 4.608774870251750033e-01 9.999999999988871124e-01
-1.568638194383238649e-01 -1.386147653478243258e-01 4.104989938531815041e-01 9.999999999988989918e-01
-1.411922069739355579e-01 -1.942132637835357056e-01 4.441841705528596362e-01 9.999999999988797850e-01
-1.136578866484786177e-01 -1.571043905950863517e-01 5.031520502644231119e-01 9.999999999988639088e-01
-1.294983461474188413e-01 -9.198034017312051169e-02 4.692111686925383718e-01 9.999999999988840038e-01
-1.568454874647728925e-01 -1.293287183510455907e-01 4.105849155934169770e-01 9.999999999989001020e-01
-1.452208932418222187e-01 -1.943894763802298531e-01 4.359928313050194792e-01 9.999999999988824495e-01
-1.136777463878874961e-01 -1.665672106810925923e-01 5.030916121750098613e-01 9.999999999988625765e-01
-1.256022056255166885e-01 -9.223978063788502990e-02 4.776319582635019656e-01 9.999999999988808952e-01
-1.568291275169860222e-01 -1.200406836990516729e-01 4.106621135902642772e-01 9.999999999989011013e-01
-1.490392163892151622e-01 -1.943419964692039703e-01 4.270796346951637457e-01 9.999999999988854471e-01
-1.136372028673591911e-01 -1.757872158565988996e-01 5.031997790250553049e-01 9.999999999988611332e-01
-1.215454785694443235e-01 -9.209967640319161042e-02 4.859404631867867419e-01 9.999999999988777866e-01
-1.568781762437771454e-01 -1.105539605849824580e-01 4.104532712853662391e-01 9.999999999989022115e-01
-1.529123414324933539e-01 -1.942970569501332734e-01 4.188573590097876553e-01 9.999999999988880006e-01
-1.137432219069014205e-01 -1.849007828895036787e-01 5.028990624683088440e-01 9.999999999988598010e-01
-1.177878797594243410e-01 -9.206715515636108849e-02 4.949203080292265411e-01 9.999999999988742339e-01
-1.568618924597740827e-01 -1.012655433741359023e-01 4.105303710799784733e-01 9.999999999989029886e-01
-1.675747562436970817e-01 -1.714624510550867009e-01 3.730570839316591503e-01 9.999999999989060973e-01
-1.265284523652344673e-01 -1.715585617722349410e-01 4.615381848226954853e-01 9.999999999988782307e-01
-1.264852244384970237e-01 -1.021215305327934364e-01 4.617147240961458898e-01 9.999999999988866684e-01
-1.675485205009605294e-01 -1.020413900148109815e-01 3.732541999289604173e-01 9.999999999989147570e-01
-1.300606615533198840e-01 -1.718644158054397075e-01 4.532907679553669911e-01 9.999999999988811172e-01
-1.264923069378794951e-01 -1.085293540705396659e-01 4.616884163264616814e-01 9.999999999988860022e-01
-1.641083710550235442e-01 -1.021038090631453815e-01 3.815435465155993522e-01 9.999999999989124255e-01
-1.675754373808221454e-01 -1.651141529941715647e-01 3.730575354403913857e-01 9.999999999989070965e-01
-1.340552157679067158e-01 -1.718022212537651250e-01 4.452554352838408724e-01 9.999999999988838928e-01
-1.265001999596932492e-01 -1.149368022069814921e-01 4.616594723316179150e-01 9.999999999988854471e-01
-1.600640681777992791e-01 -1.018473941513127617e-01 3.893355442832673319e-01 9.999999999989103161e-01
-1.675333649081379161e-01 -1.591959974210978013e-01 3.733013437002624668e-01 9.999999999989078736e-01
-1.378457086261805353e-01 -1.716482990854204804e-01 4.372816013048497208e-01 9.999999999988866684e-01
-1.265088622008939401e-01 -1.213438585088594812e-01 4.616280263184752153e-01 9.999999999988847810e-01
-1.566458294926217631e-01 -1.021910651770824990e-01 3.975867701892228934e-01 9.999999999989077626e-01
-1.675350743535226061e-01 -1.528454965328234494e-01 3.732959608945387031e-01 9.999999999989087618e-01
-1.413693951996705389e-01 -1.717991819043466484e-01 4.296198161330904153e-01 9.999999999988891108e-01
-1.264782572997558141e-01 -1.275274070981486374e-01 4.617239654536570148e-01 9.999999999988840038e-01
-1.527276335204747204e-01 -1.020058988796928162e-01 4.050586542559815872e-01 9.999999999989055421e-01
-1.675367837842218210e-01 -1.464949897370717846e-01 3.732905780896459413e-01 9.999999999989096500e-01
-1.454147197297487593e-01 -1.716684609158918851e-01 4.212179500445247249e-01 9.999999999988918864e-01
-1.264868385257948979e-01 -1.339343537995963118e-01 4.616928086272810705e-01 9.999999999988833377e-01
-1.488376805545290338e-01 -1.022336125590459499e-01 4.135167538927171371e-01 9.999999999989029886e-01
-1.675384906594018508e-01 -1.401444787582685203e-01 3.732852097319830920e-01 9.999999999989105381e-01
-1.488328368772919297e-01 -1.716533708203139275e-01 4.134971206369424945e-01 9.999999999988943289e-01
-1.264961236175983772e-01 -1.403408874304626908e-01 4.616593614886856933e-01 9.999999999988825605e-01
-1.453771377222078942e-01 -1.020076630717685340e-01 4.214065432963284841e-01 9.999999999989004351e-01
-1.675401923071354049e-01 -1.337939650943649750e-01 3.732798710138219289e-01 9.999999999989113153e-01
-1.526892772445082036e-01 -1.719300675559573277e-01 4.051861736972707795e-01 9.999999999988967714e-01
-1.264618315888279831e-01 -1.465259320425535694e-01 4.617671893214781997e-01 9.999999999988816723e-01
-1.413574506082738436e-01 -1.023194475065205139e-01 4.297033439532437216e-01 9.999999999988976596e-01
-1.675418859316572529e-01 -1.274434499922513786e-01 3.732745778320938901e-01 9.999999999989120925e-01
-1.566565414536860157e-01 -1.716307279713025213e-01 3.974947486219225778e-01 9.999999999988991028e-01
-1.265406677571365157e-01 -1.525633210621469560e-01 4.615084983138162400e-01 9.999999999988810062e-01
-1.377969470613226444e-01 -1.019856331505836489e-01 4.374968074951534058e-01 9.999999999988951060e-01
-1.675435686223489540e-01 -1.210929344234864258e-01 3.732693467373355278e-01 9.999999999989127586e-01
-1.600431451156918150e-01 -1.717198731357432173e-01 3.893952091711636032e-01 9.999999999989015453e-01
-1.265524342142264891e-01 -1.589681760618739670e-01 4.614669632862806181e-01 9.999999999988801180e-01
-1.340176172140967459e-01 -1.021865110334225363e-01 4.454240188331415329e-01 9.999999999988924415e-01
-1.675452373644991111e-01 -1.147424190606920053e-01 3.732641948725440861e-01 9.999999999989135357e-01
-1.640762199912737807e-01 -1.718322531100830164e-01 3.816679233697813367e-01 9.999999999989036548e-01
-1.265647010775260151e-01 -1.653725784123164511e-01 4.614237996582249979e-01 9.999999999988792299e-01
-1.300852349769614780e-01 -1.019670598309101034e-01 4.532450802903782994e-01 9.999999999988897770e-01
-1.675468890518556908e-01 -1.083919042549809364e-01 3.732591399018337364e-01 9.999999999989140909e-01
-1.550800272264525326e-01 -2.964609249861278363e-03 3.886688303546482759e-01 9.999999999989159782e-01
-1.222546156864204037e-01 -2.688831524823992025e-03 4.578809140404470623e-01 9.999999999988934407e-01
-1.222384652837851526e-01 9.952862257614858432e-02 4.579846227243761780e-01 9.999999999988888888e-01
-1.551057712327708338e-01 9.969689551233494595e-02 3.886059518638292909e-01 9.999999999989114263e-01
-1.255189555363936116e-01 -2.904450317565893114e-03 4.515000061711917367e-01 9.999999999988956612e-01
-1.222406918942003373e-01 9.036143272558293249e-02 4.579728004737297908e-01 9.999999999988896660e-01
-1.519275231509175650e-01 9.946114430204296142e-02 3.946283588571851131e-01 9.999999999989097610e-01
-1.550808665905657469e-01 6.544663192385847747e-03 3.886706619191104273e-01 9.999999999989159782e-01
-1.282947283953938811e-01 -2.891480043290190968e-03 4.454618030715403187e-01 9.999999999988977706e-01
-1.222428024013341302e-01 8.119451148484031766e-02 4.579613543960303623e-01 9.999999999988904431e-01
-1.491808921990794568e-01 9.984414169397934358e-02 4.012845453493055770e-01 9.999999999989076516e-01
-1.550824297653322914e-01 1.585972359260110973e-02 3.886686643419284271e-01 9.999999999989158672e-01
-1.313099312612614755e-01 -2.878077565121509637e-03 4.391586570237992482e-01 9.999999999988999910e-01
-1.222584539646920099e-01 7.144460472583508137e-02 4.579058718939874040e-01 9.999999999988911092e-01
-1.463480171801504470e-01 9.999286746125556069e-02 4.077357133198668548e-01 9.999999999989056532e-01
-1.550842316555406386e-01 2.517487435457412340e-02 3.886655152586500073e-01 9.999999999989157562e-01
-1.341990181002306326e-01 -2.864636947294101066e-03 4.328959956729840353e-01 9.999999999989021005e-01
-1.222586787772319966e-01 6.227856121477956530e-02 4.579005298312153194e-01 9.999999999988916644e-01
-1.430681856217277115e-01 9.984269034457399217e-02 4.136282705242699254e-01 9.999999999989038768e-01
-1.550862628850669944e-01 3.449009183007179652e-02 3.886612598577851574e-01 9.999999999989154231e-01
-1.372978513289901947e-01 -2.850781352586538239e-03 4.263876869468124498e-01 9.999999999989043209e-01
-1.222586990980939203e-01 5.311273284068536438e-02 4.578958498858208270e-01 9.999999999988921084e-01
-1.402425465900860591e-01 9.972533783934682539e-02 4.200438113810940344e-01 9.999999999989017674e-01
-1.550885121541365486e-01 4.380535397942070253e-02 3.886559526099604422e-01 9.999999999989150901e-01
-1.402575201872647004e-01 -2.836900623489357638e-03 4.199303697669121704e-01 9.999999999989064303e-01
-1.222426075291542374e-01 4.371915728971093040e-02 4.579429936044722149e-01 9.999999999988925525e-01
-1.373053858721077214e-01 9.978013092178757149e-02 4.264136322356604780e-01 9.999999999988997690e-01
-1.550909664552285738e-01 5.312064066296928733e-02 3.886496562268875188e-01 9.999999999989147570e-01
-1.430800248075576597e-01 -2.822998361983414337e-03 4.135245191864558301e-01 9.999999999989084287e-01
-1.222454200008015884e-01 3.455335954983459329e-02 4.579292773887204127e-01 9.999999999988928856e-01
-1.342033979757235318e-01 9.959504527430101950e-02 4.329336630562300448e-01 9.999999999988975485e-01
-1.550936113198421173e-01 6.243593388054573950e-02 3.886424404713776370e-01 9.999999999989142019e-01
-1.463515773500455308e-01 -2.811080922019344210e-03 4.076636695360972285e-01 9.999999999989102051e-01
-1.222624092590842843e-01 2.503454139268295950e-02 4.578697187042873318e-01 9.999999999988931076e-01
-1.313309413705083251e-01 9.958737797920813595e-02 4.391376020475580289e-01 9.999999999988954391e-01
-1.550964310871656981e-01 7.175121795378695821e-02 3.886343808615952966e-01 9.999999999989136468e-01
-1.492095749982202124e-01 -2.796798663512890977e-03 4.011007883727901180e-01 9.999999999989123145e-01
-1.222538669655321569e-01 1.564079592773700775e-02 4.578925619723935303e-01 9.999999999988933297e-01
-1.282841751197015268e-01 9.991878945176971283e-02 4.455507623004305029e-01 9.999999999988932187e-01
-1.550994091852994639e-01 8.106647964881706636e-02 3.886255573146698561e-01 9.999999999989129806e-01
-1.519208585925200805e-01 -2.782512340588997116e-03 3.946000266727208161e-01 9.999999999989143129e-01
-1.222543436226176256e-01 6.475879858735976782e-03 4.578864067874692800e-01 9.999999999988934407e-01
-1.255168062681554231e-01 9.985096075743891963e-02 4.515596663806952793e-01 9.999999999988911092e-01
-1.551025284157845352e-01 9.038170823931129805e-02 3.886160527742497095e-01 9.999999999989122035e-01
-3.476473892311767594e-02 1.172032554511875935e-01 6.310128120529872042e-01 9.999999999988112842e-01
8.644061225296690784e-03 1.172009490556421146e-01 7.242788276853132645e-01 9.999999999987596588e-01
8.738411764226718115e-03 1.833680568182970427e-01 7.244575318942678699e-01 9.999999999987516652e-01
-3.475056150594228038e-02 1.835684877994638586e-01 6.310742929846093752e-01 9.999999999988028465e-01
4.287301553046587131e-03 1.173157705464948353e-01 7.154299682384117620e-01 9.999999999987648769e-01
8.677126231892585279e-03 1.774409785819717478e-01 7.243638615483469767e-01 9.999999999987525534e-01
-3.123604096049290360e-02 1.836524677487944845e-01 6.393351684276217251e-01 9.999999999987986277e-01
-3.467025146950869496e-02 1.232031830992044857e-01 6.311929844109459564e-01 9.999999999988106181e-01
6.786436419649435935e-04 1.172924893294486348e-01 7.070593286031437996e-01 9.999999999987696508e-01
8.618130056225225752e-03 1.715128724114945158e-01 7.242735226884944311e-01 9.999999999987534416e-01
-2.705594625695739372e-02 1.835662551279501065e-01 6.477109316233231606e-01 9.999999999987941868e-01
-3.474795623975555220e-02 1.292634933432212918e-01 6.310506154259857281e-01 9.999999999988100630e-01
-3.530647938515847108e-03 1.172705919822133735e-01 6.986608312884164951e-01 9.999999999987745358e-01
8.709830329882588262e-03 1.651979158965276862e-01 7.244045367390883339e-01 9.999999999987542187e-01
-2.296308499814586276e-02 1.837375339415559805e-01 6.561840782102393854e-01 9.999999999987897459e-01
-3.473003344904839612e-02 1.350035312103743945e-01 6.310872214976549488e-01 9.999999999988093968e-01
-7.638356017794293608e-03 1.171781930684026446e-01 6.900676957204258111e-01 9.999999999987794208e-01
8.652708817683030934e-03 1.592692345732055759e-01 7.243169748823733434e-01 9.999999999987549959e-01
-1.926558495468250892e-02 1.835614146025849880e-01 6.649594276458551390e-01 9.999999999987849719e-01
-3.472802583863372067e-02 1.413237439702857423e-01 6.310943070670954613e-01 9.999999999988086197e-01
-1.092941813401617640e-02 1.171880479737647252e-01 6.816894509633228960e-01 9.999999999987840837e-01
8.683042727173946249e-03 1.535441630704336702e-01 7.243581141493413700e-01 9.999999999987556620e-01
-1.528662050024305261e-02 1.834951419844965126e-01 6.733053728735749477e-01 9.999999999987805310e-01
-3.470819325761639873e-02 1.470637033916339653e-01 6.311344831066455496e-01 9.999999999988079535e-01
-1.542561937746166761e-02 1.172592642551096298e-01 6.730344656084876753e-01 9.999999999987888577e-01
8.767234420170117934e-03 1.472324603620647765e-01 7.244780220448583385e-01 9.999999999987564392e-01
-1.091352833413949605e-02 1.833817501437395858e-01 6.817529584995620784e-01 9.999999999987758681e-01
-3.470530582689809046e-02 1.533839832128362224e-01 6.311432166738338845e-01 9.999999999988070654e-01
-1.922063690423510968e-02 1.172198097729053173e-01 6.650000718204414074e-01 9.999999999987931876e-01
8.712670095248608096e-03 1.413031022011991544e-01 7.243942626952121211e-01 9.999999999987571053e-01
-7.594309688875897774e-03 1.835827698019101284e-01 6.901766966839344430e-01 9.999999999987712052e-01
-3.479622374090078629e-02 1.594464722099127041e-01 6.309760089450839882e-01 9.999999999988063992e-01
-2.294365705787873924e-02 1.168639663873993761e-01 6.561818534394223690e-01 9.999999999987980726e-01
8.661165369052852697e-03 1.353727755574909153e-01 7.243149649230081755e-01 9.999999999987578825e-01
-3.328924917765808695e-03 1.834392538593379585e-01 6.990168444566871031e-01 9.999999999987662092e-01
-3.468015416827865266e-02 1.654441938821659130e-01 6.311966742737000757e-01 9.999999999988055110e-01
-2.714928151779497784e-02 1.173273393626010075e-01 6.475076306486616806e-01 9.999999999988026245e-01
8.738792042294791368e-03 1.290635531998863827e-01 7.244252433559882354e-01 9.999999999987584376e-01
7.945380087185328552e-04 1.833405833649278949e-01 7.072766197934793331e-01 9.999999999987615462e-01
-3.477459369001335149e-02 1.715074956679673857e-01 6.310229052925345750e-01 9.999999999988047339e-01
-3.126086644574545270e-02 1.171585097517785362e-01 6.392541770422807135e-01 9.999999999988069543e-01
8.689671026040485247e-03 1.231327010443322573e-01 7.243494736929494415e-01 9.999999999987591037e-01
4.429225563350733426e-03 1.834562918119676256e-01 7.156830981419295412e-01 9.999999999987566612e-01
-3.465292123322054330e-02 1.775043651947688372e-01 6.312540241594860602e-01 9.999999999988037347e-01
