0.54901961 -3.78431373 19.60784314 1.00000000
2.74000000 -3.86000000 20.00000000 1.00000000
2.74000000 -2.28000000 20.00000000 1.00000000
0.54901961 -2.23529412 19.60784314 1.00000000
2.54000000 -3.86000000 20.00000000 1.00000000
2.74000000 -2.42000000 20.00000000 1.00000000
0.74509804 -2.23529412 19.60784314 1.00000000
0.54901961 -3.62745098 19.60784314 1.00000000
2.34000000 -3.86000000 20.00000000 1.00000000
2.74000000 -2.58000000 20.00000000 1.00000000
0.94117647 -2.23529412 19.60784314 1.00000000
0.54901961 -3.49019608 19.60784314 1.00000000
2.11764706 -3.78431373 19.60784314 1.00000000
2.74000000 -2.72000000 20.00000000 1.00000000
1.13725490 -2.23529412 19.60784314 1.00000000
0.54901961 -3.35294118 19.60784314 1.00000000
1.92156863 -3.78431373 19.60784314 1.00000000
2.74000000 -2.86000000 20.00000000 1.00000000
1.33333333 -2.23529412 19.60784314 1.00000000
0.54901961 -3.21568627 19.60784314 1.00000000
1.72549020 -3.78431373 19.60784314 1.00000000
2.74000000 -3.00000000 20.00000000 1.00000000
1.52941176 -2.23529412 19.60784314 1.00000000
0.54901961 -3.07843137 19.60784314 1.00000000
1.52941176 -3.78431373 19.60784314 1.00000000
2.74000000 -3.14000000 20.00000000 1.00000000
1.72549020 -2.23529412 19.60784314 1.00000000
0.54901961 -2.94117647 19.60784314 1.00000000
1.33333333 -3.78431373 19.60784314 1.00000000
2.74000000 -3.28000000 20.00000000 1.00000000
1.92156863 -2.23529412 19.60784314 1.00000000
0.54901961 -2.80392157 19.60784314 1.00000000
1.13725490 -3.78431373 19.60784314 1.00000000
2.74000000 -3.42000000 20.00000000 1.00000000
2.11764706 -2.23529412 19.60784314 1.00000000
0.54901961 -2.66666667 19.60784314 1.00000000
0.94117647 -3.78431373 19.60784314 1.00000000
2.74000000 -3.56000000 20.00000000 1.00000000
2.34000000 -2.28000000 20.00000000 1.00000000
0.54901961 -2.52941176 19.60784314 1.00000000
0.74509804 -3.78431373 19.60784314 1.00000000
2.74000000 -3.70000000 20.00000000 1.00000000
2.54000000 -2.28000000 20.00000000 1.00000000
0.54901961 -2.37254902 19.60784314 1.00000000
-5.21568627 5.37254902 19.60784314 1.00000000
-3.05882353 5.37254902 19.60784314 1.00000000
-3.05882353 6.76470588 19.60784314 1.00000000
-5.21568627 6.76470588 19.60784314 1.00000000
-3.25490196 5.37254902 19.60784314 1.00000000
-3.05882353 6.62745098 19.60784314 1.00000000
-5.01960784 6.76470588 19.60784314 1.00000000
-5.21568627 5.49019608 19.60784314 1.00000000
-3.45098039 5.37254902 19.60784314 1.00000000
-3.05882353 6.50980392 19.60784314 1.00000000
-4.82352941 6.76470588 19.60784314 1.00000000
-5.21568627 5.60784314 19.60784314 1.00000000
-3.64705882 5.37254902 19.60784314 1.00000000
-3.05882353 6.37254902 19.60784314 1.00000000
-4.62745098 6.76470588 19.60784314 1.00000000
-5.21568627 5.74509804 19.60784314 1.00000000
-3.84313725 5.37254902 19.60784314 1.00000000
-3.05882353 6.25490196 19.60784314 1.00000000
-4.43137255 6.76470588 19.60784314 1.00000000
-5.21568627 5.86274510 19.60784314 1.00000000
-4.03921569 5.37254902 19.60784314 1.00000000
-3.05882353 6.11764706 19.60784314 1.00000000
-4.23529412 6.76470588 19.60784314 1.00000000
-5.21568627 6.00000000 19.60784314 1.00000000
-4.23529412 5.37254902 19.60784314 1.00000000
-3.05882353 6.00000000 19.60784314 1.00000000
-4.03921569 6.76470588 19.60784314 1.00000000
-5.21568627 6.11764706 19.60784314 1.00000000
-4.43137255 5.37254902 19.60784314 1.00000000
-3.05882353 5.86274510 19.60784314 1.00000000
-3.84313725 6.76470588 19.60784314 1.00000000
-5.21568627 6.25490196 19.60784314 1.00000000
-4.62745098 5.37254902 19.60784314 1.00000000
-3.05882353 5.74509804 19.60784314 1.00000000
-3.64705882 6.76470588 19.60784314 1.00000000
-5.21568627 6.37254902 19.60784314 1.00000000
-4.82352941 5.37254902 19.60784314 1.00000000
-3.05882353 5.60784314 19.60784314 1.00000000
-3.45098039 6.76470588 19.60784314 1.00000000
-5.21568627 6.50980392 19.60784314 1.00000000
-5.01960784 5.37254902 19.60784314 1.00000000
-3.05882353 5.49019608 19.60784314 1.00000000
-3.25490196 6.76470588 19.60784314 1.00000000
-5.21568627 6.62745098 19.60784314 1.00000000
-1.37037037 -2.79629630 18.51851852 1.00000000
0.24074074 -2.79629630 18.51851852 1.00000000
0.24074074 -0.68518519 18.51851852 1.00000000
-1.37037037 -0.68518519 18.51851852 1.00000000
0.09259259 -2.79629630 18.51851852 1.00000000
0.24074074 -0.88888889 18.51851852 1.00000000
-1.22222222 -0.68518519 18.51851852 1.00000000
-1.37037037 -2.59259259 18.51851852 1.00000000
-0.03636364 -2.74545455 18.18181818 1.00000000
0.24074074 -1.07407407 18.51851852 1.00000000
-1.07407407 -0.68518519 18.51851852 1.00000000
-1.37037037 -2.40740741 18.51851852 1.00000000
-0.18181818 -2.74545455 18.18181818 1.00000000
0.24074074 -1.25925926 18.51851852 1.00000000
-0.90909091 -0.67272727 18.18181818 1.00000000
-1.37037037 -2.22222222 18.51851852 1.00000000
-0.32727273 -2.74545455 18.18181818 1.00000000
0.24074074 -1.44444444 18.51851852 1.00000000
-0.76363636 -0.67272727 18.18181818 1.00000000
-1.37037037 -2.01851852 18.51851852 1.00000000
-0.47272727 -2.74545455 18.18181818 1.00000000
0.24074074 -1.64814815 18.51851852 1.00000000
-0.61818182 -0.67272727 18.18181818 1.00000000
-1.37037037 -1.83333333 18.51851852 1.00000000
-0.61818182 -2.74545455 18.18181818 1.00000000
0.24074074 -1.83333333 18.51851852 1.00000000
-0.47272727 -0.67272727 18.18181818 1.00000000
-1.37037037 -1.64814815 18.51851852 1.00000000
-0.76363636 -2.74545455 18.18181818 1.00000000
0.24074074 -2.01851852 18.51851852 1.00000000
-0.32727273 -0.67272727 18.18181818 1.00000000
-1.37037037 -1.44444444 18.51851852 1.00000000
-0.90909091 -2.74545455 18.18181818 1.00000000
0.24074074 -2.22222222 18.51851852 1.00000000
-0.18181818 -0.67272727 18.18181818 1.00000000
-1.37037037 -1.25925926 18.51851852 1.00000000
-1.07407407 -2.79629630 18.51851852 1.00000000
0.24074074 -2.40740741 18.51851852 1.00000000
-0.03636364 -0.67272727 18.18181818 1.00000000
-1.37037037 -1.07407407 18.51851852 1.00000000
-1.22222222 -2.79629630 18.51851852 1.00000000
0.24074074 -2.59259259 18.51851852 1.00000000
0.09259259 -0.68518519 18.51851852 1.00000000
-1.37037037 -0.88888889 18.51851852 1.00000000
-5.16071429 5.87500000 17.85714286 1.00000000
-3.03508772 5.77192982 17.54385965 1.00000000
-3.03508772 7.28070175 17.54385965 1.00000000
-5.16071429 7.41071429 17.85714286 1.00000000
-3.28571429 5.87500000 17.85714286 1.00000000
-3.03508772 7.15789474 17.54385965 1.00000000
-4.87719298 7.28070175 17.54385965 1.00000000
-5.16071429 6.01785714 17.85714286 1.00000000
-3.40350877 5.77192982 17.54385965 1.00000000
-3.03508772 7.01754386 17.54385965 1.00000000
-4.78571429 7.41071429 17.85714286 1.00000000
-5.16071429 6.16071429 17.85714286 1.00000000
-3.66071429 5.87500000 17.85714286 1.00000000
-3.03508772 6.87719298 17.54385965 1.00000000
-4.50877193 7.28070175 17.54385965 1.00000000
-5.16071429 6.30357143 17.85714286 1.00000000
-3.77192982 5.77192982 17.54385965 1.00000000
-3.03508772 6.73684211 17.54385965 1.00000000
-4.41071429 7.41071429 17.85714286 1.00000000
-5.16071429 6.44642857 17.85714286 1.00000000
-4.03571429 5.87500000 17.85714286 1.00000000
-3.03508772 6.59649123 17.54385965 1.00000000
-4.14035088 7.28070175 17.54385965 1.00000000
-5.16071429 6.57142857 17.85714286 1.00000000
-4.14035088 5.77192982 17.54385965 1.00000000
-3.03508772 6.45614035 17.54385965 1.00000000
-4.03571429 7.41071429 17.85714286 1.00000000
-5.16071429 6.71428571 17.85714286 1.00000000
-4.41071429 5.87500000 17.85714286 1.00000000
-3.03508772 6.33333333 17.54385965 1.00000000
-3.77192982 7.28070175 17.54385965 1.00000000
-5.16071429 6.85714286 17.85714286 1.00000000
-4.50877193 5.77192982 17.54385965 1.00000000
-3.03508772 6.19298246 17.54385965 1.00000000
-3.66071429 7.41071429 17.85714286 1.00000000
-5.16071429 7.00000000 17.85714286 1.00000000
-4.78571429 5.87500000 17.85714286 1.00000000
-3.03508772 6.05263158 17.54385965 1.00000000
-3.40350877 7.28070175 17.54385965 1.00000000
-5.16071429 7.14285714 17.85714286 1.00000000
-4.87719298 5.77192982 17.54385965 1.00000000
-3.03508772 5.91228070 17.54385965 1.00000000
-3.28571429 7.41071429 17.85714286 1.00000000
-5.16071429 7.28571429 17.85714286 1.00000000
-1.50000000 5.37931034 17.24137931 1.00000000
0.60344828 5.37931034 17.24137931 1.00000000
0.60344828 6.77586207 17.24137931 1.00000000
-1.50000000 6.77586207 17.24137931 1.00000000
0.41379310 5.37931034 17.24137931 1.00000000
0.60344828 6.65517241 17.24137931 1.00000000
-1.31034483 6.77586207 17.24137931 1.00000000
-1.50000000 5.50000000 17.24137931 1.00000000
0.22413793 5.37931034 17.24137931 1.00000000
0.60344828 6.53448276 17.24137931 1.00000000
-1.12068966 6.77586207 17.24137931 1.00000000
-1.50000000 5.63793103 17.24137931 1.00000000
0.03448276 5.37931034 17.24137931 1.00000000
0.60344828 6.39655172 17.24137931 1.00000000
-0.93103448 6.77586207 17.24137931 1.00000000
-1.50000000 5.75862069 17.24137931 1.00000000
-0.17543860 5.47368421 17.54385965 1.00000000
0.60344828 6.27586207 17.24137931 1.00000000
-0.74137931 6.77586207 17.24137931 1.00000000
-1.50000000 5.87931034 17.24137931 1.00000000
-0.36842105 5.47368421 17.54385965 1.00000000
0.60344828 6.13793103 17.24137931 1.00000000
-0.55172414 6.77586207 17.24137931 1.00000000
-1.50000000 6.01724138 17.24137931 1.00000000
-0.55172414 5.37931034 17.24137931 1.00000000
0.60344828 6.01724138 17.24137931 1.00000000
-0.36842105 6.89473684 17.54385965 1.00000000
-1.50000000 6.13793103 17.24137931 1.00000000
-0.74137931 5.37931034 17.24137931 1.00000000
0.60344828 5.87931034 17.24137931 1.00000000
-0.17543860 6.89473684 17.54385965 1.00000000
-1.50000000 6.27586207 17.24137931 1.00000000
-0.93103448 5.37931034 17.24137931 1.00000000
0.60344828 5.75862069 17.24137931 1.00000000
0.03448276 6.77586207 17.24137931 1.00000000
-1.50000000 6.39655172 17.24137931 1.00000000
-1.12068966 5.37931034 17.24137931 1.00000000
0.60344828 5.63793103 17.24137931 1.00000000
0.22413793 6.77586207 17.24137931 1.00000000
-1.50000000 6.53448276 17.24137931 1.00000000
-1.31034483 5.37931034 17.24137931 1.00000000
0.60344828 5.50000000 17.24137931 1.00000000
0.41379310 6.77586207 17.24137931 1.00000000
-1.50000000 6.65517241 17.24137931 1.00000000
-5.89830508 3.74576271 16.94915254 1.00000000
-4.37931034 3.81034483 17.24137931 1.00000000
-4.37931034 5.98275862 17.24137931 1.00000000
-5.89830508 5.88135593 16.94915254 1.00000000
-4.44067797 3.74576271 16.94915254 1.00000000
-4.37931034 5.79310345 17.24137931 1.00000000
-5.86206897 5.98275862 17.24137931 1.00000000
-5.89830508 3.94915254 16.94915254 1.00000000
-4.59322034 3.74576271 16.94915254 1.00000000
-4.37931034 5.58620690 17.24137931 1.00000000
-5.61016949 5.88135593 16.94915254 1.00000000
-5.89830508 4.13559322 16.94915254 1.00000000
-4.82758621 3.81034483 17.24137931 1.00000000
-4.37931034 5.39655172 17.24137931 1.00000000
-5.45762712 5.88135593 16.94915254 1.00000000
-5.89830508 4.33898305 16.94915254 1.00000000
-4.88135593 3.74576271 16.94915254 1.00000000
-4.37931034 5.18965517 17.24137931 1.00000000
-5.41379310 5.98275862 17.24137931 1.00000000
-5.89830508 4.52542373 16.94915254 1.00000000
-5.12068966 3.81034483 17.24137931 1.00000000
-4.37931034 5.00000000 17.24137931 1.00000000
-5.16949153 5.88135593 16.94915254 1.00000000
-5.89830508 4.71186441 16.94915254 1.00000000
-5.16949153 3.74576271 16.94915254 1.00000000
-4.37931034 4.79310345 17.24137931 1.00000000
-5.12068966 5.98275862 17.24137931 1.00000000
-5.89830508 4.91525424 16.94915254 1.00000000
-5.41379310 3.81034483 17.24137931 1.00000000
-4.37931034 4.60344828 17.24137931 1.00000000
-4.88135593 5.88135593 16.94915254 1.00000000
-5.89830508 5.10169492 16.94915254 1.00000000
-5.45762712 3.74576271 16.94915254 1.00000000
-4.37931034 4.41379310 17.24137931 1.00000000
-4.82758621 5.98275862 17.24137931 1.00000000
-5.89830508 5.30508475 16.94915254 1.00000000
-5.61016949 3.74576271 16.94915254 1.00000000
-4.37931034 4.20689655 17.24137931 1.00000000
-4.59322034 5.88135593 16.94915254 1.00000000
-5.89830508 5.49152542 16.94915254 1.00000000
-5.86206897 3.81034483 17.24137931 1.00000000
-4.37931034 4.01724138 17.24137931 1.00000000
-4.44067797 5.88135593 16.94915254 1.00000000
-5.89830508 5.69491525 16.94915254 1.00000000
-2.37288136 -4.86440678 16.94915254 1.00000000
-0.79661017 -4.86440678 16.94915254 1.00000000
-0.79661017 -2.76271186 16.94915254 1.00000000
-2.37288136 -2.76271186 16.94915254 1.00000000
-0.91666667 -4.78333333 16.66666667 1.00000000
-0.79661017 -2.94915254 16.94915254 1.00000000
-2.18333333 -2.71666667 16.66666667 1.00000000
-2.37288136 -4.67796610 16.94915254 1.00000000
-1.08474576 -4.86440678 16.94915254 1.00000000
-0.79661017 -3.15254237 16.94915254 1.00000000
-2.08474576 -2.76271186 16.94915254 1.00000000
-2.37288136 -4.49152542 16.94915254 1.00000000
-1.22033898 -4.86440678 16.94915254 1.00000000
-0.79661017 -3.33898305 16.94915254 1.00000000
-1.90000000 -2.71666667 16.66666667 1.00000000
-2.37288136 -4.28813559 16.94915254 1.00000000
-1.37288136 -4.86440678 16.94915254 1.00000000
-0.79661017 -3.52542373 16.94915254 1.00000000
-1.79661017 -2.76271186 16.94915254 1.00000000
-2.37288136 -4.10169492 16.94915254 1.00000000
-1.50847458 -4.86440678 16.94915254 1.00000000
-0.79661017 -3.72881356 16.94915254 1.00000000
-1.61666667 -2.71666667 16.66666667 1.00000000
-2.37288136 -3.91525424 16.94915254 1.00000000
-1.61666667 -4.78333333 16.66666667 1.00000000
-0.79661017 -3.91525424 16.94915254 1.00000000
-1.50847458 -2.76271186 16.94915254 1.00000000
-2.37288136 -3.72881356 16.94915254 1.00000000
-1.79661017 -4.86440678 16.94915254 1.00000000
-0.79661017 -4.10169492 16.94915254 1.00000000
-1.37288136 -2.76271186 16.94915254 1.00000000
-2.37288136 -3.52542373 16.94915254 1.00000000
-1.90000000 -4.78333333 16.66666667 1.00000000
-0.79661017 -4.28813559 16.94915254 1.00000000
-1.22033898 -2.76271186 16.94915254 1.00000000
-2.37288136 -3.33898305 16.94915254 1.00000000
-2.08474576 -4.86440678 16.94915254 1.00000000
-0.79661017 -4.49152542 16.94915254 1.00000000
-1.08474576 -2.76271186 16.94915254 1.00000000
-2.37288136 -3.15254237 16.94915254 1.00000000
-2.18333333 -4.78333333 16.66666667 1.00000000
-0.79661017 -4.67796610 16.94915254 1.00000000
-0.91666667 -2.71666667 16.66666667 1.00000000
-2.37288136 -2.94915254 16.94915254 1.00000000
1.09677419 -5.46774194 16.12903226 1.00000000
3.14516129 -5.46774194 16.12903226 1.00000000
3.14516129 -4.38709677 16.12903226 1.00000000
1.09677419 -4.38709677 16.12903226 1.00000000
2.92063492 -5.38095238 15.87301587 1.00000000
3.14516129 -4.48387097 16.12903226 1.00000000
1.29032258 -4.38709677 16.12903226 1.00000000
1.09677419 -5.37096774 16.12903226 1.00000000
2.77419355 -5.46774194 16.12903226 1.00000000
3.14516129 -4.59677419 16.12903226 1.00000000
1.46774194 -4.38709677 16.12903226 1.00000000
1.09677419 -5.27419355 16.12903226 1.00000000
2.55555556 -5.38095238 15.87301587 1.00000000
3.14516129 -4.69354839 16.12903226 1.00000000
1.66129032 -4.38709677 16.12903226 1.00000000
1.09677419 -5.17741935 16.12903226 1.00000000
2.40322581 -5.46774194 16.12903226 1.00000000
3.14516129 -4.79032258 16.12903226 1.00000000
1.83870968 -4.38709677 16.12903226 1.00000000
1.09677419 -5.08064516 16.12903226 1.00000000
2.19047619 -5.38095238 15.87301587 1.00000000
3.14516129 -4.88709677 16.12903226 1.00000000
2.03225806 -4.38709677 16.12903226 1.00000000
1.09677419 -4.98387097 16.12903226 1.00000000
2.03225806 -5.46774194 16.12903226 1.00000000
3.14516129 -4.98387097 16.12903226 1.00000000
2.19047619 -4.31746032 15.87301587 1.00000000
1.09677419 -4.88709677 16.12903226 1.00000000
1.83870968 -5.46774194 16.12903226 1.00000000
3.14516129 -5.08064516 16.12903226 1.00000000
2.40322581 -4.38709677 16.12903226 1.00000000
1.09677419 -4.79032258 16.12903226 1.00000000
1.66129032 -5.46774194 16.12903226 1.00000000
3.14516129 -5.17741935 16.12903226 1.00000000
2.55555556 -4.31746032 15.87301587 1.00000000
1.09677419 -4.69354839 16.12903226 1.00000000
1.46774194 -5.46774194 16.12903226 1.00000000
3.14516129 -5.27419355 16.12903226 1.00000000
2.77419355 -4.38709677 16.12903226 1.00000000
1.09677419 -4.59677419 16.12903226 1.00000000
1.29032258 -5.46774194 16.12903226 1.00000000
3.14516129 -5.37096774 16.12903226 1.00000000
2.92063492 -4.31746032 15.87301587 1.00000000
1.09677419 -4.48387097 16.12903226 1.00000000
5.23809524 4.69841270 15.87301587 1.00000000
7.51612903 4.77419355 16.12903226 1.00000000
7.51612903 6.53225806 16.12903226 1.00000000
5.23809524 6.42857143 15.87301587 1.00000000
7.20634921 4.69841270 15.87301587 1.00000000
7.51612903 6.38709677 16.12903226 1.00000000
5.42857143 6.42857143 15.87301587 1.00000000
5.23809524 4.85714286 15.87301587 1.00000000
7.11290323 4.77419355 16.12903226 1.00000000
7.51612903 6.22580645 16.12903226 1.00000000
5.70967742 6.53225806 16.12903226 1.00000000
5.23809524 5.01587302 15.87301587 1.00000000
6.80952381 4.69841270 15.87301587 1.00000000
7.51612903 6.06451613 16.12903226 1.00000000
5.82539683 6.42857143 15.87301587 1.00000000
5.23809524 5.17460317 15.87301587 1.00000000
6.61904762 4.69841270 15.87301587 1.00000000
7.51612903 5.90322581 16.12903226 1.00000000
6.11290323 6.53225806 16.12903226 1.00000000
5.23809524 5.33333333 15.87301587 1.00000000
6.51612903 4.77419355 16.12903226 1.00000000
7.51612903 5.74193548 16.12903226 1.00000000
6.22222222 6.42857143 15.87301587 1.00000000
5.23809524 5.49206349 15.87301587 1.00000000
6.22222222 4.69841270 15.87301587 1.00000000
7.51612903 5.58064516 16.12903226 1.00000000
6.51612903 6.53225806 16.12903226 1.00000000
5.23809524 5.65079365 15.87301587 1.00000000
6.11290323 4.77419355 16.12903226 1.00000000
7.51612903 5.41935484 16.12903226 1.00000000
6.61904762 6.42857143 15.87301587 1.00000000
5.23809524 5.80952381 15.87301587 1.00000000
5.82539683 4.69841270 15.87301587 1.00000000
7.51612903 5.25806452 16.12903226 1.00000000
6.80952381 6.42857143 15.87301587 1.00000000
5.23809524 5.96825397 15.87301587 1.00000000
5.70967742 4.77419355 16.12903226 1.00000000
7.51612903 5.09677419 16.12903226 1.00000000
7.11290323 6.53225806 16.12903226 1.00000000
5.23809524 6.12698413 15.87301587 1.00000000
5.42857143 4.69841270 15.87301587 1.00000000
7.51612903 4.93548387 16.12903226 1.00000000
7.20634921 6.42857143 15.87301587 1.00000000
5.23809524 6.28571429 15.87301587 1.00000000
-2.39130435 0.28985507 14.49275362 1.00000000
-0.98571429 0.28571429 14.28571429 1.00000000
-0.98571429 2.34285714 14.28571429 1.00000000
-2.39130435 2.37681159 14.49275362 1.00000000
-1.10000000 0.28571429 14.28571429 1.00000000
-0.98571429 2.15714286 14.28571429 1.00000000
-2.22857143 2.34285714 14.28571429 1.00000000
-2.39130435 0.47826087 14.49275362 1.00000000
-1.22857143 0.28571429 14.28571429 1.00000000
-0.98571429 1.97142857 14.28571429 1.00000000
-2.10000000 2.34285714 14.28571429 1.00000000
-2.39130435 0.66666667 14.49275362 1.00000000
-1.35714286 0.28571429 14.28571429 1.00000000
-0.98571429 1.78571429 14.28571429 1.00000000
-1.97142857 2.34285714 14.28571429 1.00000000
-2.39130435 0.85507246 14.49275362 1.00000000
-1.50724638 0.28985507 14.49275362 1.00000000
-0.98571429 1.60000000 14.28571429 1.00000000
-1.85714286 2.34285714 14.28571429 1.00000000
-2.39130435 1.05797101 14.49275362 1.00000000
-1.60000000 0.28571429 14.28571429 1.00000000
-0.98571429 1.41428571 14.28571429 1.00000000
-1.72857143 2.34285714 14.28571429 1.00000000
-2.39130435 1.24637681 14.49275362 1.00000000
-1.72857143 0.28571429 14.28571429 1.00000000
-0.98571429 1.22857143 14.28571429 1.00000000
-1.60000000 2.34285714 14.28571429 1.00000000
-2.39130435 1.43478261 14.49275362 1.00000000
-1.85714286 0.28571429 14.28571429 1.00000000
-0.98571429 1.04285714 14.28571429 1.00000000
-1.50724638 2.37681159 14.49275362 1.00000000
-2.39130435 1.62318841 14.49275362 1.00000000
-1.97142857 0.28571429 14.28571429 1.00000000
-0.98571429 0.84285714 14.28571429 1.00000000
-1.35714286 2.34285714 14.28571429 1.00000000
-2.39130435 1.81159420 14.49275362 1.00000000
-2.10000000 0.28571429 14.28571429 1.00000000
-0.98571429 0.65714286 14.28571429 1.00000000
-1.22857143 2.34285714 14.28571429 1.00000000
-2.39130435 2.00000000 14.49275362 1.00000000
-2.22857143 0.28571429 14.28571429 1.00000000
-0.98571429 0.47142857 14.28571429 1.00000000
-1.10000000 2.34285714 14.28571429 1.00000000
-2.39130435 2.18840580 14.49275362 1.00000000
3.27397260 -5.16438356 13.69863014 1.00000000
5.24324324 -5.09459459 13.51351351 1.00000000
5.24324324 -3.58108108 13.51351351 1.00000000
3.27397260 -3.63013699 13.69863014 1.00000000
5.06756757 -5.09459459 13.51351351 1.00000000
5.24324324 -3.71621622 13.51351351 1.00000000
3.41891892 -3.58108108 13.51351351 1.00000000
3.27397260 -5.02739726 13.69863014 1.00000000
4.87837838 -5.09459459 13.51351351 1.00000000
5.24324324 -3.85135135 13.51351351 1.00000000
3.64383562 -3.63013699 13.69863014 1.00000000
3.27397260 -4.87671233 13.69863014 1.00000000
4.75342466 -5.16438356 13.69863014 1.00000000
5.24324324 -3.98648649 13.51351351 1.00000000
3.78378378 -3.58108108 13.51351351 1.00000000
3.27397260 -4.73972603 13.69863014 1.00000000
4.51351351 -5.09459459 13.51351351 1.00000000
5.24324324 -4.13513514 13.51351351 1.00000000
4.01369863 -3.63013699 13.69863014 1.00000000
3.27397260 -4.60273973 13.69863014 1.00000000
4.38356164 -5.16438356 13.69863014 1.00000000
5.24324324 -4.27027027 13.51351351 1.00000000
4.14864865 -3.58108108 13.51351351 1.00000000
3.27397260 -4.46575342 13.69863014 1.00000000
4.14864865 -5.09459459 13.51351351 1.00000000
5.24324324 -4.40540541 13.51351351 1.00000000
4.38356164 -3.63013699 13.69863014 1.00000000
3.27397260 -4.32876712 13.69863014 1.00000000
4.01369863 -5.16438356 13.69863014 1.00000000
5.24324324 -4.54054054 13.51351351 1.00000000
4.51351351 -3.58108108 13.51351351 1.00000000
3.27397260 -4.19178082 13.69863014 1.00000000
3.78378378 -5.09459459 13.51351351 1.00000000
5.24324324 -4.67567568 13.51351351 1.00000000
4.75342466 -3.63013699 13.69863014 1.00000000
3.27397260 -4.04109589 13.69863014 1.00000000
3.64383562 -5.16438356 13.69863014 1.00000000
5.24324324 -4.81081081 13.51351351 1.00000000
4.87837838 -3.58108108 13.51351351 1.00000000
3.27397260 -3.90410959 13.69863014 1.00000000
3.41891892 -5.09459459 13.51351351 1.00000000
5.24324324 -4.95945946 13.51351351 1.00000000
5.06756757 -3.58108108 13.51351351 1.00000000
3.27397260 -3.76712329 13.69863014 1.00000000
-2.90789474 1.94736842 13.15789474 1.00000000
-0.80263158 1.94736842 13.15789474 1.00000000
-0.80263158 3.47368421 13.15789474 1.00000000
-2.90789474 3.47368421 13.15789474 1.00000000
-0.97402597 1.92207792 12.98701299 1.00000000
-0.80263158 3.32894737 13.15789474 1.00000000
-2.72368421 3.47368421 13.15789474 1.00000000
-2.90789474 2.09210526 13.15789474 1.00000000
-1.18421053 1.94736842 13.15789474 1.00000000
-0.80263158 3.19736842 13.15789474 1.00000000
-2.52631579 3.47368421 13.15789474 1.00000000
-2.90789474 2.22368421 13.15789474 1.00000000
-1.38157895 1.94736842 13.15789474 1.00000000
-0.80263158 3.05263158 13.15789474 1.00000000
-2.29870130 3.42857143 12.98701299 1.00000000
-2.90789474 2.36842105 13.15789474 1.00000000
-1.56578947 1.94736842 13.15789474 1.00000000
-0.80263158 2.92105263 13.15789474 1.00000000
-2.14473684 3.47368421 13.15789474 1.00000000
-2.90789474 2.50000000 13.15789474 1.00000000
-1.76315789 1.94736842 13.15789474 1.00000000
-0.80263158 2.77631579 13.15789474 1.00000000
-1.92207792 3.42857143 12.98701299 1.00000000
-2.90789474 2.64473684 13.15789474 1.00000000
-1.92207792 1.92207792 12.98701299 1.00000000
-0.80263158 2.64473684 13.15789474 1.00000000
-1.76315789 3.47368421 13.15789474 1.00000000
-2.90789474 2.77631579 13.15789474 1.00000000
-2.14473684 1.94736842 13.15789474 1.00000000
-0.80263158 2.50000000 13.15789474 1.00000000
-1.56578947 3.47368421 13.15789474 1.00000000
-2.90789474 2.92105263 13.15789474 1.00000000
-2.29870130 1.92207792 12.98701299 1.00000000
-0.80263158 2.36842105 13.15789474 1.00000000
-1.38157895 3.47368421 13.15789474 1.00000000
-2.90789474 3.05263158 13.15789474 1.00000000
-2.52631579 1.94736842 13.15789474 1.00000000
-0.80263158 2.22368421 13.15789474 1.00000000
-1.18421053 3.47368421 13.15789474 1.00000000
-2.90789474 3.19736842 13.15789474 1.00000000
-2.72368421 1.94736842 13.15789474 1.00000000
-0.80263158 2.09210526 13.15789474 1.00000000
-0.97402597 3.42857143 12.98701299 1.00000000
-2.90789474 3.32894737 13.15789474 1.00000000
1.33766234 -4.35064935 12.98701299 1.00000000
3.38461538 -4.29487179 12.82051282 1.00000000
3.38461538 -3.07692308 12.82051282 1.00000000
1.33766234 -3.11688312 12.98701299 1.00000000
3.23376623 -4.35064935 12.98701299 1.00000000
3.38461538 -3.19230769 12.82051282 1.00000000
1.53246753 -3.11688312 12.98701299 1.00000000
1.33766234 -4.24675325 12.98701299 1.00000000
3.01282051 -4.29487179 12.82051282 1.00000000
3.38461538 -3.30769231 12.82051282 1.00000000
1.70512821 -3.07692308 12.82051282 1.00000000
1.33766234 -4.12987013 12.98701299 1.00000000
2.85714286 -4.35064935 12.98701299 1.00000000
3.38461538 -3.41025641 12.82051282 1.00000000
1.90909091 -3.11688312 12.98701299 1.00000000
1.33766234 -4.01298701 12.98701299 1.00000000
2.66233766 -4.35064935 12.98701299 1.00000000
3.38461538 -3.52564103 12.82051282 1.00000000
2.07692308 -3.07692308 12.82051282 1.00000000
1.33766234 -3.90909091 12.98701299 1.00000000
2.48051948 -4.35064935 12.98701299 1.00000000
3.38461538 -3.64102564 12.82051282 1.00000000
2.28571429 -3.11688312 12.98701299 1.00000000
1.33766234 -3.79220779 12.98701299 1.00000000
2.28571429 -4.35064935 12.98701299 1.00000000
3.38461538 -3.74358974 12.82051282 1.00000000
2.48051948 -3.11688312 12.98701299 1.00000000
1.33766234 -3.68831169 12.98701299 1.00000000
2.07692308 -4.29487179 12.82051282 1.00000000
3.38461538 -3.85897436 12.82051282 1.00000000
2.66233766 -3.11688312 12.98701299 1.00000000
1.33766234 -3.57142857 12.98701299 1.00000000
1.90909091 -4.35064935 12.98701299 1.00000000
3.38461538 -3.96153846 12.82051282 1.00000000
2.85714286 -3.11688312 12.98701299 1.00000000
1.33766234 -3.45454545 12.98701299 1.00000000
1.70512821 -4.29487179 12.82051282 1.00000000
3.38461538 -4.07692308 12.82051282 1.00000000
3.01282051 -3.07692308 12.82051282 1.00000000
1.33766234 -3.35064935 12.98701299 1.00000000
1.53246753 -4.35064935 12.98701299 1.00000000
3.38461538 -4.19230769 12.82051282 1.00000000
3.23376623 -3.11688312 12.98701299 1.00000000
1.33766234 -3.23376623 12.98701299 1.00000000
-0.52380952 3.39285714 11.90476190 1.00000000
1.04819277 3.43373494 12.04819277 1.00000000
1.04819277 5.54216867 12.04819277 1.00000000
-0.52380952 5.47619048 11.90476190 1.00000000
0.90361446 3.43373494 12.04819277 1.00000000
1.04819277 5.34939759 12.04819277 1.00000000
-0.38095238 5.47619048 11.90476190 1.00000000
-0.52380952 3.58333333 11.90476190 1.00000000
0.75903614 3.43373494 12.04819277 1.00000000
1.04819277 5.15662651 12.04819277 1.00000000
-0.25301205 5.54216867 12.04819277 1.00000000
-0.52380952 3.77380952 11.90476190 1.00000000
0.61445783 3.43373494 12.04819277 1.00000000
1.04819277 4.96385542 12.04819277 1.00000000
-0.10843373 5.54216867 12.04819277 1.00000000
-0.52380952 3.96428571 11.90476190 1.00000000
0.46987952 3.43373494 12.04819277 1.00000000
1.04819277 4.77108434 12.04819277 1.00000000
0.03614458 5.54216867 12.04819277 1.00000000
-0.52380952 4.14285714 11.90476190 1.00000000
0.32530120 3.43373494 12.04819277 1.00000000
1.04819277 4.57831325 12.04819277 1.00000000
0.18072289 5.54216867 12.04819277 1.00000000
-0.52380952 4.33333333 11.90476190 1.00000000
0.18072289 3.43373494 12.04819277 1.00000000
1.04819277 4.38554217 12.04819277 1.00000000
0.32530120 5.54216867 12.04819277 1.00000000
-0.52380952 4.52380952 11.90476190 1.00000000
0.03614458 3.43373494 12.04819277 1.00000000
1.04819277 4.19277108 12.04819277 1.00000000
0.46987952 5.54216867 12.04819277 1.00000000
-0.52380952 4.71428571 11.90476190 1.00000000
-0.10843373 3.43373494 12.04819277 1.00000000
1.04819277 4.01204819 12.04819277 1.00000000
0.61445783 5.54216867 12.04819277 1.00000000
-0.52380952 4.90476190 11.90476190 1.00000000
-0.25301205 3.43373494 12.04819277 1.00000000
1.04819277 3.81927711 12.04819277 1.00000000
0.75903614 5.54216867 12.04819277 1.00000000
-0.52380952 5.09523810 11.90476190 1.00000000
-0.38095238 3.39285714 11.90476190 1.00000000
1.04819277 3.62650602 12.04819277 1.00000000
0.90361446 5.54216867 12.04819277 1.00000000
-0.52380952 5.28571429 11.90476190 1.00000000
3.96470588 -3.44705882 11.76470588 1.00000000
6.05952381 -3.48809524 11.90476190 1.00000000
6.05952381 -2.15476190 11.90476190 1.00000000
3.96470588 -2.12941176 11.76470588 1.00000000
5.81176471 -3.44705882 11.76470588 1.00000000
6.05952381 -2.27380952 11.90476190 1.00000000
4.15294118 -2.12941176 11.76470588 1.00000000
3.96470588 -3.31764706 11.76470588 1.00000000
5.62352941 -3.44705882 11.76470588 1.00000000
6.05952381 -2.39285714 11.90476190 1.00000000
4.38095238 -2.15476190 11.90476190 1.00000000
3.96470588 -3.20000000 11.76470588 1.00000000
5.50000000 -3.48809524 11.90476190 1.00000000
6.05952381 -2.51190476 11.90476190 1.00000000
4.51764706 -2.12941176 11.76470588 1.00000000
3.96470588 -3.08235294 11.76470588 1.00000000
5.25882353 -3.44705882 11.76470588 1.00000000
6.05952381 -2.63095238 11.90476190 1.00000000
4.70588235 -2.12941176 11.76470588 1.00000000
3.96470588 -2.96470588 11.76470588 1.00000000
5.07058824 -3.44705882 11.76470588 1.00000000
6.05952381 -2.76190476 11.90476190 1.00000000
4.94047619 -2.15476190 11.90476190 1.00000000
3.96470588 -2.84705882 11.76470588 1.00000000
4.94047619 -3.48809524 11.90476190 1.00000000
6.05952381 -2.88095238 11.90476190 1.00000000
5.07058824 -2.12941176 11.76470588 1.00000000
3.96470588 -2.72941176 11.76470588 1.00000000
4.70588235 -3.44705882 11.76470588 1.00000000
6.05952381 -3.00000000 11.90476190 1.00000000
5.25882353 -2.12941176 11.76470588 1.00000000
3.96470588 -2.60000000 11.76470588 1.00000000
4.51764706 -3.44705882 11.76470588 1.00000000
6.05952381 -3.11904762 11.90476190 1.00000000
5.50000000 -2.15476190 11.90476190 1.00000000
3.96470588 -2.48235294 11.76470588 1.00000000
4.38095238 -3.48809524 11.90476190 1.00000000
6.05952381 -3.23809524 11.90476190 1.00000000
5.62352941 -2.12941176 11.76470588 1.00000000
3.96470588 -2.36470588 11.76470588 1.00000000
4.15294118 -3.44705882 11.76470588 1.00000000
6.05952381 -3.35714286 11.90476190 1.00000000
5.81176471 -2.12941176 11.76470588 1.00000000
3.96470588 -2.24705882 11.76470588 1.00000000
-2.62500000 0.50000000 11.36363636 1.00000000
-1.01136364 0.50000000 11.36363636 1.00000000
-1.01136364 2.65909091 11.36363636 1.00000000
-2.62500000 2.65909091 11.36363636 1.00000000
-1.15909091 0.50000000 11.36363636 1.00000000
-1.01136364 2.46590909 11.36363636 1.00000000
-2.47727273 2.65909091 11.36363636 1.00000000
-2.62500000 0.70454545 11.36363636 1.00000000
-1.30681818 0.50000000 11.36363636 1.00000000
-1.01136364 2.26136364 11.36363636 1.00000000
-2.32954545 2.65909091 11.36363636 1.00000000
-2.62500000 0.89772727 11.36363636 1.00000000
-1.45454545 0.50000000 11.36363636 1.00000000
-1.01136364 2.06818182 11.36363636 1.00000000
-2.18181818 2.65909091 11.36363636 1.00000000
-2.62500000 1.09090909 11.36363636 1.00000000
-1.60227273 0.50000000 11.36363636 1.00000000
-1.01136364 1.87500000 11.36363636 1.00000000
-2.03409091 2.65909091 11.36363636 1.00000000
-2.62500000 1.28409091 11.36363636 1.00000000
-1.77011494 0.50574713 11.49425287 1.00000000
-1.01136364 1.68181818 11.36363636 1.00000000
-1.91954023 2.68965517 11.49425287 1.00000000
-2.62500000 1.47727273 11.36363636 1.00000000
-1.91954023 0.50574713 11.49425287 1.00000000
-1.01136364 1.47727273 11.36363636 1.00000000
-1.77011494 2.68965517 11.49425287 1.00000000
-2.62500000 1.68181818 11.36363636 1.00000000
-2.03409091 0.50000000 11.36363636 1.00000000
-1.01136364 1.28409091 11.36363636 1.00000000
-1.60227273 2.65909091 11.36363636 1.00000000
-2.62500000 1.87500000 11.36363636 1.00000000
-2.18181818 0.50000000 11.36363636 1.00000000
-1.01136364 1.09090909 11.36363636 1.00000000
-1.45454545 2.65909091 11.36363636 1.00000000
-2.62500000 2.06818182 11.36363636 1.00000000
-2.32954545 0.50000000 11.36363636 1.00000000
-1.01136364 0.89772727 11.36363636 1.00000000
-1.30681818 2.65909091 11.36363636 1.00000000
-2.62500000 2.26136364 11.36363636 1.00000000
-2.47727273 0.50000000 11.36363636 1.00000000
-1.01136364 0.70454545 11.36363636 1.00000000
-1.15909091 2.65909091 11.36363636 1.00000000
-2.62500000 2.46590909 11.36363636 1.00000000
-4.15957447 -4.15957447 10.63829787 1.00000000
-1.94736842 -4.11578947 10.52631579 1.00000000
-1.94736842 -1.94736842 10.52631579 1.00000000
-4.15957447 -1.96808511 10.63829787 1.00000000
-2.17021277 -4.15957447 10.63829787 1.00000000
-1.94736842 -2.14736842 10.52631579 1.00000000
-3.95744681 -1.96808511 10.63829787 1.00000000
-4.15957447 -3.95744681 10.63829787 1.00000000
-2.37234043 -4.15957447 10.63829787 1.00000000
-1.94736842 -2.34736842 10.52631579 1.00000000
-3.71578947 -1.94736842 10.52631579 1.00000000
-4.15957447 -3.75531915 10.63829787 1.00000000
-2.53684211 -4.11578947 10.52631579 1.00000000
-1.94736842 -2.53684211 10.52631579 1.00000000
-3.56382979 -1.96808511 10.63829787 1.00000000
-4.15957447 -3.56382979 10.63829787 1.00000000
-2.76595745 -4.15957447 10.63829787 1.00000000
-1.94736842 -2.73684211 10.52631579 1.00000000
-3.36170213 -1.96808511 10.63829787 1.00000000
-4.15957447 -3.36170213 10.63829787 1.00000000
-2.96808511 -4.15957447 10.63829787 1.00000000
-1.94736842 -2.93684211 10.52631579 1.00000000
-3.12631579 -1.94736842 10.52631579 1.00000000
-4.15957447 -3.15957447 10.63829787 1.00000000
-3.12631579 -4.11578947 10.52631579 1.00000000
-1.94736842 -3.12631579 10.52631579 1.00000000
-2.96808511 -1.96808511 10.63829787 1.00000000
-4.15957447 -2.96808511 10.63829787 1.00000000
-3.36170213 -4.15957447 10.63829787 1.00000000
-1.94736842 -3.32631579 10.52631579 1.00000000
-2.76595745 -1.96808511 10.63829787 1.00000000
-4.15957447 -2.76595745 10.63829787 1.00000000
-3.56382979 -4.15957447 10.63829787 1.00000000
-1.94736842 -3.52631579 10.52631579 1.00000000
-2.53684211 -1.94736842 10.52631579 1.00000000
-4.15957447 -2.56382979 10.63829787 1.00000000
-3.71578947 -4.11578947 10.52631579 1.00000000
-1.94736842 -3.71578947 10.52631579 1.00000000
-2.37234043 -1.96808511 10.63829787 1.00000000
-4.15957447 -2.37234043 10.63829787 1.00000000
-3.95744681 -4.15957447 10.63829787 1.00000000
-1.94736842 -3.91578947 10.52631579 1.00000000
-2.17021277 -1.96808511 10.63829787 1.00000000
-4.15957447 -2.17021277 10.63829787 1.00000000
-4.92708333 -3.64583333 10.41666667 1.00000000
-2.86458333 -3.64583333 10.41666667 1.00000000
-2.86458333 -2.16666667 10.41666667 1.00000000
-4.92708333 -2.16666667 10.41666667 1.00000000
-3.05208333 -3.64583333 10.41666667 1.00000000
-2.86458333 -2.30208333 10.41666667 1.00000000
-4.73958333 -2.16666667 10.41666667 1.00000000
-4.92708333 -3.51041667 10.41666667 1.00000000
-3.23958333 -3.64583333 10.41666667 1.00000000
-2.86458333 -2.43750000 10.41666667 1.00000000
-4.55208333 -2.16666667 10.41666667 1.00000000
-4.92708333 -3.37500000 10.41666667 1.00000000
-3.42708333 -3.64583333 10.41666667 1.00000000
-2.86458333 -2.57291667 10.41666667 1.00000000
-4.36458333 -2.16666667 10.41666667 1.00000000
-4.92708333 -3.23958333 10.41666667 1.00000000
-3.61458333 -3.64583333 10.41666667 1.00000000
-2.86458333 -2.69791667 10.41666667 1.00000000
-4.17708333 -2.16666667 10.41666667 1.00000000
-4.92708333 -3.10416667 10.41666667 1.00000000
-3.80208333 -3.64583333 10.41666667 1.00000000
-2.86458333 -2.83333333 10.41666667 1.00000000
-3.98958333 -2.16666667 10.41666667 1.00000000
-4.92708333 -2.96875000 10.41666667 1.00000000
-3.98958333 -3.64583333 10.41666667 1.00000000
-2.86458333 -2.96875000 10.41666667 1.00000000
-3.80208333 -2.16666667 10.41666667 1.00000000
-4.92708333 -2.83333333 10.41666667 1.00000000
-4.17708333 -3.64583333 10.41666667 1.00000000
-2.86458333 -3.10416667 10.41666667 1.00000000
-3.61458333 -2.16666667 10.41666667 1.00000000
-4.92708333 -2.69791667 10.41666667 1.00000000
-4.36458333 -3.64583333 10.41666667 1.00000000
-2.86458333 -3.23958333 10.41666667 1.00000000
-3.42708333 -2.16666667 10.41666667 1.00000000
-4.92708333 -2.57291667 10.41666667 1.00000000
-4.55208333 -3.64583333 10.41666667 1.00000000
-2.86458333 -3.37500000 10.41666667 1.00000000
-3.23958333 -2.16666667 10.41666667 1.00000000
-4.92708333 -2.43750000 10.41666667 1.00000000
-4.73958333 -3.64583333 10.41666667 1.00000000
-2.86458333 -3.51041667 10.41666667 1.00000000
-3.05208333 -2.16666667 10.41666667 1.00000000
-4.92708333 -2.30208333 10.41666667 1.00000000
-4.52577320 -0.06185567 10.30927835 1.00000000
-2.92708333 -0.06250000 10.41666667 1.00000000
-2.92708333 2.13541667 10.41666667 1.00000000
-4.52577320 2.11340206 10.30927835 1.00000000
-3.04123711 -0.06185567 10.30927835 1.00000000
-2.92708333 1.93750000 10.41666667 1.00000000
-4.42708333 2.13541667 10.41666667 1.00000000
-4.52577320 0.13402062 10.30927835 1.00000000
-3.22916667 -0.06250000 10.41666667 1.00000000
-2.92708333 1.72916667 10.41666667 1.00000000
-4.22680412 2.11340206 10.30927835 1.00000000
-4.52577320 0.32989691 10.30927835 1.00000000
-3.34020619 -0.06185567 10.30927835 1.00000000
-2.92708333 1.53125000 10.41666667 1.00000000
-4.08247423 2.11340206 10.30927835 1.00000000
-4.52577320 0.52577320 10.30927835 1.00000000
-3.48453608 -0.06185567 10.30927835 1.00000000
-2.92708333 1.33333333 10.41666667 1.00000000
-3.92783505 2.11340206 10.30927835 1.00000000
-4.52577320 0.73195876 10.30927835 1.00000000
-3.67708333 -0.06250000 10.41666667 1.00000000
-2.92708333 1.13541667 10.41666667 1.00000000
-3.78350515 2.11340206 10.30927835 1.00000000
-4.52577320 0.92783505 10.30927835 1.00000000
-3.78350515 -0.06185567 10.30927835 1.00000000
-2.92708333 0.93750000 10.41666667 1.00000000
-3.67708333 2.13541667 10.41666667 1.00000000
-4.52577320 1.12371134 10.30927835 1.00000000
-3.92783505 -0.06185567 10.30927835 1.00000000
-2.92708333 0.73958333 10.41666667 1.00000000
-3.48453608 2.11340206 10.30927835 1.00000000
-4.52577320 1.31958763 10.30927835 1.00000000
-4.08247423 -0.06185567 10.30927835 1.00000000
-2.92708333 0.53125000 10.41666667 1.00000000
-3.34020619 2.11340206 10.30927835 1.00000000
-4.52577320 1.51546392 10.30927835 1.00000000
-4.22680412 -0.06185567 10.30927835 1.00000000
-2.92708333 0.33333333 10.41666667 1.00000000
-3.22916667 2.13541667 10.41666667 1.00000000
-4.52577320 1.71134021 10.30927835 1.00000000
-4.42708333 -0.06250000 10.41666667 1.00000000
-2.92708333 0.13541667 10.41666667 1.00000000
-3.04123711 2.11340206 10.30927835 1.00000000
-4.52577320 1.91752577 10.30927835 1.00000000
1.20408163 2.48979592 10.20408163 1.00000000
3.39795918 2.48979592 10.20408163 1.00000000
3.39795918 3.89795918 10.20408163 1.00000000
1.20408163 3.89795918 10.20408163 1.00000000
3.20408163 2.48979592 10.20408163 1.00000000
3.39795918 3.77551020 10.20408163 1.00000000
1.40816327 3.89795918 10.20408163 1.00000000
1.20408163 2.62244898 10.20408163 1.00000000
3.00000000 2.48979592 10.20408163 1.00000000
3.39795918 3.64285714 10.20408163 1.00000000
1.60204082 3.89795918 10.20408163 1.00000000
1.20408163 2.74489796 10.20408163 1.00000000
2.80612245 2.48979592 10.20408163 1.00000000
3.39795918 3.52040816 10.20408163 1.00000000
1.80612245 3.89795918 10.20408163 1.00000000
1.20408163 2.87755102 10.20408163 1.00000000
2.60204082 2.48979592 10.20408163 1.00000000
3.39795918 3.38775510 10.20408163 1.00000000
2.01020408 3.89795918 10.20408163 1.00000000
1.20408163 3.00000000 10.20408163 1.00000000
2.40816327 2.48979592 10.20408163 1.00000000
3.39795918 3.26530612 10.20408163 1.00000000
2.20408163 3.89795918 10.20408163 1.00000000
1.20408163 3.13265306 10.20408163 1.00000000
2.20408163 2.48979592 10.20408163 1.00000000
3.39795918 3.13265306 10.20408163 1.00000000
2.40816327 3.89795918 10.20408163 1.00000000
1.20408163 3.26530612 10.20408163 1.00000000
2.01020408 2.48979592 10.20408163 1.00000000
3.39795918 3.00000000 10.20408163 1.00000000
2.60204082 3.89795918 10.20408163 1.00000000
1.20408163 3.38775510 10.20408163 1.00000000
1.80612245 2.48979592 10.20408163 1.00000000
3.39795918 2.87755102 10.20408163 1.00000000
2.80612245 3.89795918 10.20408163 1.00000000
1.20408163 3.52040816 10.20408163 1.00000000
1.60204082 2.48979592 10.20408163 1.00000000
3.39795918 2.74489796 10.20408163 1.00000000
3.00000000 3.89795918 10.20408163 1.00000000
1.20408163 3.64285714 10.20408163 1.00000000
1.40816327 2.48979592 10.20408163 1.00000000
3.39795918 2.62244898 10.20408163 1.00000000
3.20408163 3.89795918 10.20408163 1.00000000
1.20408163 3.77551020 10.20408163 1.00000000
